Date,Open,High,Low,Close,Adj Close,Volume
2015-01-02,148.58999633789062,149.22999572753906,142.14999389648438,146.88999938964844,125.73145294189453,2228900
2015-01-05,145.72000122070312,146.1699981689453,141.83999633789062,144.38999938964844,123.591552734375,1695100
2015-01-06,143.5,144.33999633789062,139.25999450683594,141.30999755859375,120.95526885986328,1975800
2015-01-07,144.22000122070312,147.2100067138672,143.25,145.4600067138672,124.5074691772461,1472000
2015-01-08,147.05999755859375,149.02999877929688,146.38999938964844,147.2100067138672,126.00537109375,1676600
2015-01-09,150.0500030517578,151.6199951171875,148.6999969482422,149.0500030517578,127.58032989501953,2210100
2015-01-12,149.02999877929688,149.5,146.75999450683594,148.4600067138672,127.07527923583984,1250400
2015-01-13,150.22000122070312,153.52999877929688,148.11000061035156,149.80999755859375,128.23081970214844,1627700
2015-01-14,147.75,149.3300018310547,145.41000366210938,148.60000610351562,127.19513702392578,1378800
2015-01-15,149.39999389648438,151.0,147.24000549316406,147.64999389648438,126.38194274902344,1061600
2015-01-16,145.30999755859375,147.8699951171875,144.3800048828125,146.99000549316406,125.81704711914062,957800
2015-01-20,146.97000122070312,146.99000549316406,138.11000061035156,142.02999877929688,121.57154846191406,2520700
2015-01-21,138.92999267578125,143.9199981689453,138.92999267578125,142.88999938964844,122.30762481689453,1605000
2015-01-22,144.1300048828125,147.64999389648438,143.74000549316406,147.22999572753906,126.0224838256836,1409400
2015-01-23,146.5399932861328,147.47000122070312,144.82000732421875,146.00999450683594,124.97819519042969,964700
2015-01-26,146.83999633789062,156.7100067138672,146.83999633789062,155.8300018310547,133.38369750976562,2587100
2015-01-27,155.8000030517578,157.75,153.10000610351562,155.0399932861328,132.70750427246094,1739600
2015-01-28,156.4499969482422,156.75,152.77999877929688,153.47999572753906,131.37220764160156,1740300
2015-01-29,154.19000244140625,157.22999572753906,149.58999633789062,152.97000122070312,130.93568420410156,1418500
2015-01-30,150.88999938964844,151.3300018310547,147.66000366210938,147.9499969482422,126.63877868652344,1738100
2015-02-02,148.22000122070312,149.7899932861328,145.44000244140625,149.74000549316406,128.1709747314453,1211300
2015-02-03,149.63999938964844,156.94000244140625,148.10000610351562,155.8000030517578,133.35801696777344,2386800
2015-02-04,151.50999450683594,154.89999389648438,144.19000244140625,146.11000061035156,125.0638427734375,4808700
2015-02-05,146.50999450683594,148.1999969482422,144.4499969482422,146.63999938964844,125.51749420166016,1760000
2015-02-06,148.7899932861328,148.88999938964844,145.58999633789062,146.24000549316406,125.17506408691406,1464500
2015-02-09,145.72999572753906,149.5800018310547,145.50999450683594,148.4499969482422,127.06675720214844,1295700
2015-02-10,151.22999572753906,156.3800048828125,150.77999877929688,154.64999389648438,132.37371826171875,2354800
2015-02-11,153.30999755859375,153.50999450683594,150.5,151.24000549316406,130.7228240966797,1126600
2015-02-12,151.8699951171875,154.99000549316406,150.63999938964844,154.72000122070312,133.73069763183594,2591600
2015-02-13,155.47999572753906,160.41000366210938,154.72999572753906,159.33999633789062,137.72393798828125,2153900
2015-02-17,158.7100067138672,159.2100067138672,154.82000732421875,157.0,135.70140075683594,1810900
2015-02-18,157.88999938964844,160.0500030517578,156.9199981689453,158.52000427246094,137.0152130126953,1282800
2015-02-19,158.72999572753906,159.72999572753906,157.39999389648438,158.57000732421875,137.05844116210938,883800
2015-02-20,158.25999450683594,158.49000549316406,156.25,158.47000122070312,136.9720001220703,920900
2015-02-23,155.19000244140625,156.4199981689453,152.89999389648438,154.3300018310547,133.3936004638672,2322200
2015-02-24,150.22999572753906,150.27000427246094,146.85000610351562,147.0,127.0579833984375,2772000
2015-02-25,145.47999572753906,145.47999572753906,140.9600067138672,143.0500030517578,123.64388275146484,3620600
2015-02-26,143.0399932861328,145.77000427246094,142.27000427246094,142.77000427246094,123.40185546875,1856000
2015-02-27,143.33999633789062,144.1300048828125,141.58999633789062,142.5,123.16845703125,1120500
2015-03-02,142.5,145.39999389648438,142.30999755859375,142.42999267578125,123.10796356201172,1430800
2015-03-03,142.08999633789062,144.75999450683594,139.61000061035156,140.07000732421875,121.06815338134766,2146500
2015-03-04,138.69000244140625,139.0,135.4499969482422,138.82000732421875,119.98770141601562,2854000
2015-03-05,138.25999450683594,139.25,136.75999450683594,139.0,120.14325714111328,2106100
2015-03-06,137.6300048828125,138.07000732421875,136.02999877929688,137.0,118.41460418701172,2851600
2015-03-09,135.5,136.17999267578125,131.6300048828125,132.83999633789062,114.81896209716797,5406900
2015-03-10,130.9600067138672,132.4600067138672,129.47999572753906,129.50999450683594,111.94068145751953,3689600
2015-03-11,129.47999572753906,129.80999755859375,126.16999816894531,126.62999725341797,109.45138549804688,3130700
2015-03-12,127.91999816894531,129.6300048828125,125.12000274658203,126.31999969482422,109.1834487915039,2443600
2015-03-13,125.38999938964844,128.13999938964844,124.41000366210938,127.06999969482422,109.8316879272461,2613200
2015-03-16,125.08999633789062,127.45999908447266,122.5,125.6500015258789,108.60433197021484,4333200
2015-03-17,126.0,127.94999694824219,124.41000366210938,124.58000183105469,107.67950439453125,2490200
2015-03-18,123.63999938964844,124.13999938964844,121.52999877929688,122.91999816894531,106.24468231201172,4751600
2015-03-19,125.01000213623047,130.39999389648438,124.4800033569336,130.11000061035156,112.45930480957031,3584000
2015-03-20,131.77999877929688,133.25,129.72999572753906,129.97999572753906,112.34693145751953,2420900
2015-03-23,129.6699981689453,136.36000061035156,127.61000061035156,132.0399932861328,114.12745666503906,3274800
2015-03-24,132.1199951171875,132.25999450683594,128.94000244140625,129.5,111.93205261230469,2202700
2015-03-25,130.00999450683594,130.0399932861328,127.55999755859375,129.22000122070312,111.69002532958984,1573800
2015-03-26,127.88999938964844,128.52999877929688,126.25,126.86000061035156,109.65018463134766,1909000
2015-03-27,127.0,127.04000091552734,125.83000183105469,126.25,109.12294006347656,976500
2015-03-30,126.70999908447266,128.16000366210938,125.66999816894531,127.45999908447266,110.16879272460938,1160400
2015-03-31,126.62000274658203,129.83999633789062,125.80000305175781,125.87999725341797,108.80311584472656,1362100
2015-04-01,126.11000061035156,127.05000305175781,123.69000244140625,125.52999877929688,108.50062561035156,1709400
2015-04-02,125.72000122070312,129.55999755859375,125.0,129.39999389648438,111.8456039428711,1346200
2015-04-06,127.94000244140625,132.0399932861328,127.41999816894531,130.72000122070312,112.9865493774414,2053700
2015-04-07,130.72999572753906,131.58999633789062,127.87999725341797,127.87999725341797,110.53182983398438,1612200
2015-04-08,129.85000610351562,131.55999755859375,127.83999633789062,129.27999877929688,111.74189758300781,1666600
2015-04-09,132.3699951171875,136.92999267578125,132.0500030517578,136.6300048828125,118.09478759765625,2568900
2015-04-10,136.1999969482422,136.35000610351562,133.33999633789062,136.02000427246094,117.56754302978516,1774400
2015-04-13,135.0,135.49000549316406,133.33999633789062,133.60000610351562,115.4758529663086,1983700
2015-04-14,130.58999633789062,131.27999877929688,126.69000244140625,127.52999877929688,110.22928619384766,3139600
2015-04-15,126.98999786376953,130.25999450683594,125.5999984741211,130.02000427246094,112.38152313232422,2204400
2015-04-16,130.05999755859375,130.8699951171875,127.19999694824219,127.3499984741211,110.07371520996094,1337100
2015-04-17,126.0999984741211,128.19000244140625,124.51000213623047,125.5,108.47469329833984,1533500
2015-04-20,126.81999969482422,130.13999938964844,126.52999877929688,128.9499969482422,111.45665740966797,1645200
2015-04-21,129.49000549316406,129.5500030517578,126.4000015258789,126.7699966430664,109.5723876953125,1419100
2015-04-22,127.43000030517578,129.92999267578125,125.70999908447266,129.07000732421875,111.56039428710938,1586000
2015-04-23,126.91999816894531,129.5500030517578,126.1500015258789,128.0800018310547,110.70467376708984,1353500
2015-04-24,129.38999938964844,131.3000030517578,128.91000366210938,130.08999633789062,112.44202423095703,1219500
2015-04-27,130.5500030517578,131.00999450683594,128.5500030517578,128.8300018310547,111.3529281616211,1355700
2015-04-28,128.5399932861328,132.0,127.62000274658203,130.47999572753906,112.77909851074219,3966500
2015-04-29,116.19999694824219,117.05000305175781,108.2699966430664,108.7699966430664,94.01426696777344,15694200
2015-04-30,108.58999633789062,111.76000213623047,108.31999969482422,111.06999969482422,96.00224304199219,5447400
2015-05-01,111.63999938964844,113.30999755859375,110.0,112.70999908447266,97.41978454589844,2457100
2015-05-04,113.27999877929688,118.93000030517578,113.1500015258789,117.18000030517578,101.2833480834961,4627000
2015-05-05,116.81999969482422,117.9000015258789,115.33000183105469,116.44000244140625,100.64375305175781,2304500
2015-05-06,116.2699966430664,116.81999969482422,113.16999816894531,113.69000244140625,98.2668228149414,2542300
2015-05-07,113.41000366210938,115.80000305175781,113.19000244140625,113.94999694824219,98.92660522460938,1598600
2015-05-08,115.0199966430664,118.0,114.80000305175781,117.83999633789062,102.30375671386719,2746500
2015-05-11,117.75,117.79000091552734,114.0,114.08000183105469,99.03949737548828,2324400
2015-05-12,113.62999725341797,113.9800033569336,112.08000183105469,112.18000030517578,97.38999938964844,1575100
2015-05-13,112.38999938964844,112.83999633789062,110.76000213623047,110.97000122070312,96.33952331542969,1417700
2015-05-14,111.5199966430664,111.56999969482422,108.55000305175781,108.79000091552734,94.44692993164062,2043400
2015-05-15,107.9800033569336,109.2300033569336,106.0199966430664,106.79000091552734,92.71061706542969,2770200
2015-05-18,106.29000091552734,107.22000122070312,105.20999908447266,106.86000061035156,92.7713851928711,2180500
2015-05-19,106.80000305175781,107.05000305175781,105.44000244140625,106.33999633789062,92.31996154785156,2090400
2015-05-20,106.80999755859375,109.19999694824219,106.33999633789062,107.69000244140625,93.49197387695312,2225300
2015-05-21,107.51000213623047,109.69000244140625,107.51000213623047,108.0999984741211,93.84789276123047,1804100
2015-05-22,108.36000061035156,108.80999755859375,106.47000122070312,106.54000091552734,92.49357604980469,1413800
2015-05-26,106.05000305175781,106.29000091552734,103.75,104.12000274658203,90.39263916015625,2635100
2015-05-27,104.56999969482422,104.58999633789062,102.91999816894531,103.55999755859375,89.90645599365234,1905300
2015-05-28,102.94000244140625,103.76000213623047,102.4000015258789,102.98999786376953,89.41161346435547,2378500
2015-05-29,102.75,102.98999786376953,100.44999694824219,100.69000244140625,87.41484069824219,3005200
2015-06-01,101.02999877929688,101.02999877929688,97.88999938964844,98.29000091552734,85.33126831054688,3829800
2015-06-02,98.30000305175781,101.3499984741211,98.05000305175781,100.05999755859375,86.86790466308594,2309200
2015-06-03,100.66999816894531,102.80000305175781,100.2699966430664,102.05000305175781,88.5955581665039,2582200
2015-06-04,105.62999725341797,109.94999694824219,105.5,109.44000244140625,95.01123809814453,5914100
2015-06-05,109.36000061035156,109.62000274658203,107.37000274658203,109.13999938964844,94.75080108642578,2433000
2015-06-08,105.97000122070312,106.26000213623047,102.3499984741211,102.4000015258789,88.89938354492188,4158300
2015-06-09,102.19999694824219,103.25,101.4800033569336,102.27999877929688,88.79521942138672,2060100
2015-06-10,102.54000091552734,103.93000030517578,101.52999877929688,103.22000122070312,89.61129760742188,1997700
2015-06-11,103.4800033569336,104.58000183105469,102.30999755859375,104.44999694824219,90.67911529541016,1374000
2015-06-12,103.80999755859375,104.23999786376953,102.30000305175781,102.79000091552734,89.23798370361328,1490600
2015-06-15,101.83000183105469,103.69999694824219,101.79000091552734,102.79000091552734,89.23798370361328,1287000
2015-06-16,102.1500015258789,103.83999633789062,101.62999725341797,102.81999969482422,89.26402282714844,1823800
2015-06-17,103.38999938964844,104.58000183105469,102.44999694824219,104.26000213623047,90.51416778564453,1302100
2015-06-18,104.44000244140625,106.86000061035156,104.44000244140625,105.26000213623047,91.3823471069336,1513300
2015-06-19,105.38999938964844,105.47000122070312,102.81999969482422,103.11000061035156,89.51580047607422,2849400
2015-06-22,103.5,103.87000274658203,100.52999877929688,100.94999694824219,87.64055633544922,1688200
2015-06-23,100.33999633789062,100.73999786376953,97.76000213623047,100.26000213623047,87.04154205322266,3518200
2015-06-24,99.91000366210938,100.23999786376953,97.97000122070312,98.20999908447266,85.26181030273438,2292500
2015-06-25,98.7300033569336,99.0,97.80999755859375,97.98999786376953,85.07081604003906,1540100
2015-06-26,97.77999877929688,97.93000030517578,96.29000091552734,96.5,83.77726745605469,2347500
2015-06-29,93.77999877929688,95.98999786376953,93.58999633789062,93.93000030517578,81.5461196899414,3082700
2015-06-30,95.9000015258789,100.23999786376953,95.36000061035156,98.66999816894531,85.66114807128906,4440000
2015-07-01,102.88999938964844,107.2699966430664,102.44999694824219,103.06999969482422,89.4810791015625,4545000
2015-07-02,104.13999938964844,105.0,102.43000030517578,103.54000091552734,89.88911437988281,3017700
2015-07-06,102.2300033569336,104.97000122070312,102.08999633789062,103.87999725341797,90.18425750732422,2235400
2015-07-07,104.3499984741211,112.0,103.22000122070312,111.3499984741211,96.6694107055664,4679300
2015-07-08,108.62000274658203,109.5,103.80999755859375,104.13999938964844,90.40998840332031,3677900
2015-07-09,106.26000213623047,109.05000305175781,104.80999755859375,105.19999694824219,91.33023071289062,2685100
2015-07-10,106.77999877929688,106.9800033569336,103.5199966430664,103.9000015258789,90.20162963867188,2411700
2015-07-13,108.80999755859375,110.30999755859375,107.27999877929688,107.88999938964844,93.66559600830078,3514000
2015-07-14,107.5999984741211,108.73999786376953,106.56999969482422,107.26000213623047,93.1186752319336,1850500
2015-07-15,107.12999725341797,107.12999725341797,102.44999694824219,103.41999816894531,89.7849349975586,2095100
2015-07-16,104.41999816894531,104.87999725341797,102.76000213623047,103.80000305175781,90.11482238769531,1161900
2015-07-17,103.80000305175781,103.87999725341797,101.52999877929688,101.70999908447266,88.3003921508789,1522800
2015-07-20,101.16000366210938,102.0,99.8499984741211,100.0199966430664,86.83318328857422,1711100
2015-07-21,100.08999633789062,102.08999633789062,99.8499984741211,101.41999816894531,88.04862213134766,1287400
2015-07-22,100.91999816894531,101.87999725341797,99.69999694824219,101.25,87.90100860595703,1727300
2015-07-23,104.19999694824219,105.6500015258789,103.01000213623047,104.30000305175781,90.54890441894531,2655700
2015-07-24,104.83999633789062,104.83999633789062,101.44999694824219,102.43000030517578,88.92543029785156,1641000
2015-07-27,100.02999877929688,101.26000213623047,98.0999984741211,99.2300033569336,86.14734649658203,2229300
2015-07-28,98.88999938964844,99.98999786376953,97.37999725341797,98.01000213623047,85.08820343017578,2623600
2015-07-29,98.16999816894531,99.80000305175781,95.87000274658203,96.02999877929688,83.36922454833984,4079600
2015-07-30,99.23999786376953,104.69999694824219,99.01000213623047,104.12000274658203,90.39263916015625,5069300
2015-07-31,103.91999816894531,105.43000030517578,101.80999755859375,103.2300033569336,89.61996459960938,2847300
2015-08-03,103.0999984741211,103.72000122070312,100.0,100.80000305175781,87.51033782958984,2355400
2015-08-04,101.0999984741211,102.30000305175781,99.33000183105469,100.30000305175781,87.07626342773438,1819000
2015-08-05,101.01000213623047,103.70999908447266,100.80000305175781,101.2699966430664,87.91838073730469,1776900
2015-08-06,100.72000122070312,102.61000061035156,99.98999786376953,100.69999694824219,87.42352294921875,1818500
2015-08-07,100.43000030517578,103.77999877929688,100.41999816894531,103.13999938964844,89.9886703491211,1967900
2015-08-10,104.87000274658203,104.98999786376953,102.69999694824219,104.0,90.739013671875,2365300
2015-08-11,102.0,102.13999938964844,98.61000061035156,99.52999877929688,86.83895874023438,2669000
2015-08-12,97.22000122070312,97.83999633789062,94.12999725341797,97.44999694824219,85.02418518066406,2760000
2015-08-13,97.58000183105469,98.2300033569336,94.58999633789062,94.62000274658203,82.55503845214844,2229700
2015-08-14,94.6500015258789,95.45999908447266,92.04000091552734,92.16999816894531,80.41742706298828,2178600
2015-08-17,92.0,93.4800033569336,90.91000366210938,91.91000366210938,80.19059753417969,2469400
2015-08-18,91.63999938964844,92.0,90.37999725341797,90.9000015258789,79.30937957763672,1791100
2015-08-19,90.36000061035156,91.13999938964844,89.18000030517578,90.25,78.74225616455078,2241600
2015-08-20,89.0,90.0,85.5,85.58000183105469,74.667724609375,2533100
2015-08-21,83.5999984741211,84.7300033569336,81.33000183105469,81.7699966430664,71.34352111816406,3791600
2015-08-24,75.0,78.1500015258789,72.75,76.4800033569336,66.72805786132812,5951100
2015-08-25,79.30999755859375,79.61000061035156,75.5999984741211,75.70999908447266,66.05624389648438,3432500
2015-08-26,77.61000061035156,77.66000366210938,71.25,74.29000091552734,64.81730651855469,4655600
2015-08-27,76.1500015258789,78.9800033569336,75.68000030517578,78.5199966430664,68.5079345703125,3397400
2015-08-28,77.68000030517578,79.33000183105469,77.04000091552734,78.19999694824219,68.22874450683594,2183100
2015-08-31,77.2300033569336,77.68000030517578,74.91999816894531,75.05000305175781,65.48042297363281,2863000
2015-09-01,72.9000015258789,73.63999938964844,70.51000213623047,70.98999786376953,61.93810272216797,3907800
2015-09-02,73.33999633789062,73.5,70.87999725341797,72.43000030517578,63.1944694519043,4612300
2015-09-03,71.88999938964844,74.16000366210938,71.88999938964844,73.81999969482422,64.40724182128906,2928000
2015-09-04,72.37999725341797,74.55000305175781,72.33999633789062,73.06999969482422,63.752864837646484,3084900
2015-09-08,74.54000091552734,76.4800033569336,74.31999969482422,74.8499984741211,65.305908203125,4006100
2015-09-09,75.97000122070312,76.75,73.0,73.04000091552734,63.72671127319336,3621600
2015-09-10,71.94999694824219,72.05000305175781,68.11000061035156,69.66999816894531,60.786399841308594,7798500
2015-09-11,69.5999984741211,70.72000122070312,67.23999786376953,67.72000122070312,59.08504867553711,4630600
2015-09-14,67.5,68.6500015258789,66.72000122070312,68.47000122070312,59.739418029785156,3026200
2015-09-15,67.94000244140625,70.44999694824219,67.87000274658203,70.3499984741211,61.379695892333984,2475900
2015-09-16,70.7699966430664,75.0999984741211,70.55000305175781,73.77999877929688,64.37232208251953,3875100
2015-09-17,73.33000183105469,73.48999786376953,70.0,70.2699966430664,61.30989074707031,3840500
2015-09-18,69.5999984741211,70.05000305175781,68.11000061035156,68.44000244140625,59.71323013305664,3778800
2015-09-21,68.7699966430664,68.95999908447266,66.31999969482422,66.55999755859375,58.07295608520508,2917500
2015-09-22,65.0,65.12999725341797,63.86000061035156,63.93000030517578,55.7783088684082,3761700
2015-09-23,63.290000915527344,63.29999923706055,60.060001373291016,60.2400016784668,52.558815002441406,5464300
2015-09-24,59.900001525878906,61.79999923706055,59.75,59.83000183105469,52.20109558105469,5295700
2015-09-25,60.720001220703125,60.7599983215332,58.130001068115234,58.22999954223633,50.805110931396484,4928500
2015-09-28,57.93000030517578,57.95000076293945,54.369998931884766,54.41999816894531,47.480918884277344,4719500
2015-09-29,53.459999084472656,55.09000015258789,52.2599983215332,53.220001220703125,46.433937072753906,6223400
2015-09-30,54.439998626708984,54.47999954223633,52.5,53.119998931884766,46.3466796875,4265300
2015-10-01,53.43000030517578,53.84000015258789,50.959999084472656,51.709999084472656,45.116477966308594,4745600
2015-10-02,55.27000045776367,63.7599983215332,54.75,63.52000045776367,55.42058563232422,15153700
2015-10-05,63.79999923706055,67.25,60.54999923706055,64.88999938964844,56.61589050292969,12699700
2015-10-06,64.58000183105469,68.31999969482422,64.5199966430664,67.8499984741211,59.19845962524414,8437100
2015-10-07,69.02999877929688,73.4800033569336,68.98999786376953,71.98999786376953,62.81057357788086,10459000
2015-10-08,71.51000213623047,76.4800033569336,70.80000305175781,75.91000366210938,66.23074340820312,7819000
2015-10-09,75.0,76.25,73.19999694824219,75.4000015258789,65.78578186035156,6904900
2015-10-12,74.69999694824219,76.31999969482422,70.83999633789062,71.19999694824219,62.1213264465332,6176800
2015-10-13,70.9000015258789,72.76000213623047,69.6500015258789,70.31999969482422,61.35352325439453,5306200
2015-10-14,70.66999816894531,72.8499984741211,70.54000091552734,72.37000274658203,63.14212417602539,3864400
2015-10-15,75.6500015258789,77.25,70.93000030517578,73.76000213623047,64.35488891601562,8508000
2015-10-16,66.55000305175781,75.30000305175781,66.3499984741211,72.9000015258789,63.60454177856445,16035600
2015-10-19,70.91000366210938,71.0,67.16000366210938,68.25,59.547462463378906,7443300
2015-10-20,68.80000305175781,69.88999938964844,66.25,66.91999816894531,58.38705825805664,4020600
2015-10-21,67.13999938964844,67.29000091552734,64.33000183105469,64.47000122070312,56.24945068359375,5105300
2015-10-22,65.56999969482422,66.19999694824219,61.27000045776367,63.18000030517578,55.12394332885742,6336900
2015-10-23,63.970001220703125,68.06999969482422,63.720001220703125,67.5999984741211,58.98036193847656,4375900
2015-10-26,67.41999816894531,67.87999725341797,65.45999908447266,66.41000366210938,57.942073822021484,2211600
2015-10-27,66.16999816894531,67.55999755859375,64.12000274658203,64.55999755859375,56.32797622680664,2647500
2015-10-28,64.2699966430664,67.43000030517578,63.29999923706055,67.30000305175781,58.718605041503906,3754100
2015-10-29,68.98999786376953,71.33000183105469,68.16000366210938,69.9000015258789,60.987083435058594,4584300
2015-10-30,69.26000213623047,70.62999725341797,68.51000213623047,69.94999694824219,61.03068161010742,2949300
2015-11-02,71.6500015258789,73.66999816894531,70.63999938964844,72.19000244140625,62.98506546020508,4274200
2015-11-03,71.77999877929688,75.4800033569336,70.94999694824219,74.26000213623047,64.79113006591797,4616600
2015-11-04,74.87999725341797,75.69000244140625,71.5,72.87000274658203,63.578365325927734,4286300
2015-11-05,72.94999694824219,74.81999969482422,72.26000213623047,72.9800033569336,63.674339294433594,2261500
2015-11-06,73.51000213623047,74.19000244140625,72.58000183105469,73.98999786376953,64.5555419921875,2123700
2015-11-09,71.11000061035156,71.4000015258789,66.51000213623047,68.1500015258789,59.864768981933594,7502600
2015-11-10,67.29000091552734,68.45999908447266,65.19000244140625,67.25,59.07417297363281,3814800
2015-11-11,67.68000030517578,68.0,64.61000061035156,65.80000305175781,57.80046844482422,3669200
2015-11-12,65.37000274658203,68.0,64.16999816894531,64.69999694824219,56.83417892456055,2970100
2015-11-13,64.2699966430664,64.80999755859375,62.04999923706055,62.20000076293945,54.638126373291016,3929500
2015-11-16,62.130001068115234,63.880001068115234,60.650001525878906,63.4900016784668,55.771297454833984,3023300
2015-11-17,64.27999877929688,64.44999694824219,61.150001525878906,61.560001373291016,54.075923919677734,2949400
2015-11-18,61.470001220703125,62.29999923706055,57.65999984741211,61.310001373291016,53.856327056884766,5605800
2015-11-19,61.20000076293945,62.650001525878906,60.529998779296875,61.779998779296875,54.26918029785156,2675400
2015-11-20,61.79999923706055,61.88999938964844,59.09000015258789,59.560001373291016,52.31907653808594,3778300
2015-11-23,59.5,61.470001220703125,59.5,60.22999954223633,52.90762710571289,2427400
2015-11-24,59.63999938964844,64.0,59.63999938964844,62.95000076293945,55.29695129394531,5628300
2015-11-25,63.41999816894531,63.43000030517578,61.63999938964844,62.25,54.68205642700195,2358500
2015-11-27,61.54999923706055,61.91999816894531,59.279998779296875,61.04999923706055,53.62793731689453,2285100
2015-11-30,61.45000076293945,62.91999816894531,60.83000183105469,62.77000045776367,55.138824462890625,2878100
2015-12-01,63.790000915527344,67.29000091552734,63.5,66.80999755859375,58.687660217285156,6375200
2015-12-02,66.26000213623047,71.58000183105469,66.02999877929688,68.5,60.17219924926758,6911800
2015-12-03,68.44999694824219,68.81999969482422,63.689998626708984,65.08000183105469,57.167991638183594,3747600
2015-12-04,65.06999969482422,66.23999786376953,62.939998626708984,64.5999984741211,56.74635314941406,4241000
2015-12-07,64.0999984741211,65.1500015258789,63.119998931884766,64.5999984741211,56.74635314941406,3427100
2015-12-08,62.79999923706055,63.630001068115234,60.439998626708984,61.79999923706055,54.2867546081543,4571600
2015-12-09,66.76000213623047,73.0,65.66000366210938,69.91000366210938,61.41080856323242,12687600
2015-12-10,70.0,70.08000183105469,66.30999755859375,66.45999908447266,58.38023376464844,4749500
2015-12-11,65.55000305175781,66.33000183105469,62.06999969482422,63.130001068115234,55.4550666809082,5520000
2015-12-14,63.29999923706055,64.80000305175781,61.880001068115234,62.77000045776367,55.138824462890625,2906700
2015-12-15,63.7400016784668,67.19999694824219,63.38999938964844,66.04000091552734,58.011287689208984,4010600
2015-12-16,67.16999816894531,69.19999694824219,65.83000183105469,68.98999786376953,60.602630615234375,4192400
2015-12-17,69.0999984741211,69.19000244140625,64.19999694824219,64.2699966430664,56.456459045410156,3748700
2015-12-18,64.11000061035156,65.44000244140625,63.2599983215332,63.400001525878906,55.692237854003906,7710500
2015-12-21,63.5099983215332,66.08999633789062,62.79999923706055,65.76000213623047,57.765323638916016,2991300
2015-12-22,65.91999816894531,68.48999786376953,65.01000213623047,67.6500015258789,59.42554473876953,3563700
2015-12-23,68.1500015258789,69.75,67.9000015258789,68.94999694824219,60.56749725341797,2444200
2015-12-24,68.6500015258789,69.55999755859375,67.80999755859375,69.16999816894531,60.76074981689453,1339900
2015-12-28,69.0,69.08000183105469,66.48999786376953,68.33999633789062,60.03165054321289,1870300
2015-12-29,69.05000305175781,71.2699966430664,68.94999694824219,70.12000274658203,61.59526443481445,2614800
2015-12-30,69.56999969482422,70.70999908447266,68.37999725341797,68.63999938964844,60.295196533203125,1909500
2015-12-31,68.61000061035156,69.88999938964844,68.06999969482422,69.19000244140625,60.77832794189453,1645100
2016-01-04,67.02999877929688,69.2699966430664,64.63999938964844,68.7699966430664,60.409385681152344,4249800
2016-01-05,69.23999786376953,72.63999938964844,67.6500015258789,70.06999969482422,61.55134201049805,4286100
2016-01-06,67.7300033569336,68.87999725341797,65.36000061035156,66.44000244140625,58.3626708984375,3316100
2016-01-07,63.939998626708984,64.01000213623047,59.79999923706055,60.189998626708984,52.87247848510742,5525600
2016-01-08,61.5099983215332,63.09000015258789,57.54999923706055,57.7400016784668,50.72035217285156,5740000
2016-01-11,59.0099983215332,59.9900016784668,56.0099983215332,56.790000915527344,49.88584518432617,4612400
2016-01-12,58.45000076293945,58.619998931884766,54.93000030517578,55.619998931884766,48.85808181762695,3806400
2016-01-13,56.15999984741211,56.88999938964844,51.630001068115234,52.470001220703125,46.09103012084961,5413000
2016-01-14,52.7599983215332,52.9900016784668,49.95000076293945,51.5,45.23897171020508,4978200
2016-01-15,53.15999984741211,59.130001068115234,52.04999923706055,58.369998931884766,51.27375793457031,10548100
2016-01-19,59.849998474121094,61.119998931884766,57.310001373291016,59.130001068115234,51.94135665893555,5851500
2016-01-20,57.5099983215332,57.70000076293945,52.52000045776367,56.33000183105469,49.48176193237305,6212900
2016-01-21,56.41999816894531,57.470001220703125,54.33000183105469,56.68000030517578,49.789215087890625,4076600
2016-01-22,59.0,60.790000915527344,57.959999084472656,59.16999816894531,51.97648620605469,3590000
2016-01-25,60.97999954223633,63.75,60.16999816894531,61.0,53.584022521972656,5654000
2016-01-26,61.63999938964844,63.7400016784668,59.65999984741211,63.40999984741211,55.70101547241211,3065100
2016-01-27,62.689998626708984,65.0,61.25,62.22999954223633,54.66447067260742,3125800
2016-01-28,64.66999816894531,66.41000366210938,62.290000915527344,63.150001525878906,55.47264862060547,3660700
2016-01-29,63.709999084472656,67.36000061035156,63.54999923706055,67.33999633789062,59.15323257446289,3137600
2016-02-01,66.51000213623047,67.68000030517578,63.54999923706055,67.0999984741211,58.942386627197266,3953100
2016-02-02,65.54000091552734,65.94999694824219,61.2599983215332,62.0,54.46243667602539,5434300
2016-02-03,62.470001220703125,63.90999984741211,59.529998779296875,63.16999816894531,55.490196228027344,4244300
2016-02-04,62.4900016784668,65.5,61.310001373291016,63.779998779296875,56.02604293823242,3671400
2016-02-05,63.310001373291016,64.33999633789062,61.5,61.90999984741211,54.38336944580078,2462100
2016-02-08,61.08000183105469,61.459999084472656,57.04999923706055,58.79999923706055,51.65148162841797,3846600
2016-02-09,57.470001220703125,60.7599983215332,56.58000183105469,58.45000076293945,51.34402847290039,2733700
2016-02-10,59.0099983215332,60.20000076293945,57.61000061035156,58.13999938964844,51.07171630859375,2776600
2016-02-11,58.459999084472656,61.65999984741211,56.5099983215332,59.689998626708984,52.43327713012695,5410800
2016-02-12,62.75,69.27999877929688,62.29999923706055,69.13999938964844,60.73440170288086,10716600
2016-02-16,70.83999633789062,76.0,69.8499984741211,74.6500015258789,65.57453155517578,9057800
2016-02-17,75.30999755859375,78.2699966430664,73.66000366210938,76.20999908447266,66.94488525390625,6938900
2016-02-18,75.6500015258789,79.75,73.55000305175781,78.44999694824219,68.91252899169922,6318300
2016-02-19,76.37000274658203,77.69000244140625,75.6500015258789,77.18000030517578,68.2318344116211,4207800
2016-02-22,79.18000030517578,81.31999969482422,78.62000274658203,79.52999877929688,70.30935668945312,4864300
2016-02-23,79.70999908447266,80.7699966430664,78.2300033569336,79.6500015258789,70.41547393798828,4284000
2016-02-24,78.44000244140625,80.02999877929688,75.56999969482422,79.66999816894531,70.4331283569336,4629100
2016-02-25,78.91999816894531,80.80000305175781,77.80000305175781,80.62999725341797,71.2818374633789,2669900
2016-02-26,81.38999938964844,83.5999984741211,81.18000030517578,82.16999816894531,72.6432876586914,2963400
2016-02-29,82.16999816894531,83.12000274658203,81.61000061035156,82.4800033569336,72.9173355102539,2440000
2016-03-01,84.44999694824219,86.23999786376953,84.16999816894531,84.51000213623047,74.71199035644531,5705000
2016-03-02,85.08000183105469,85.37000274658203,83.30000305175781,85.0,75.14519500732422,5406900
2016-03-03,84.1500015258789,88.87000274658203,83.58000183105469,88.3499984741211,78.10678100585938,5501400
2016-03-04,88.37000274658203,88.38999938964844,84.31999969482422,85.44000244140625,75.53416442871094,6043700
2016-03-07,83.5,85.80000305175781,82.08000183105469,83.98999786376953,74.25226593017578,5192400
2016-03-08,83.19999694824219,83.8499984741211,80.12000274658203,80.2699966430664,70.96357727050781,3575400
2016-03-09,81.41999816894531,82.44000244140625,79.7699966430664,81.55999755859375,72.10401153564453,2372900
2016-03-10,82.73999786376953,84.7699966430664,81.30000305175781,84.05999755859375,74.31414794921875,3265200
2016-03-11,83.54000091552734,87.20999908447266,83.19999694824219,86.05999755859375,76.08229064941406,3903500
2016-03-14,86.16000366210938,87.16999816894531,84.66000366210938,85.22000122070312,75.33968353271484,2555200
2016-03-15,86.06999969482422,86.48999786376953,81.94999694824219,83.25,73.59807586669922,3401700
2016-03-16,82.88999938964844,86.5999984741211,82.69999694824219,86.30000305175781,76.29446411132812,2380000
2016-03-17,86.69999694824219,89.27999877929688,86.5999984741211,88.80000305175781,78.50463104248047,3257800
2016-03-18,91.68000030517578,96.55999755859375,91.36000061035156,94.0199966430664,83.1194076538086,7033600
2016-03-21,93.08000183105469,93.30000305175781,90.05999755859375,92.73999786376953,81.98783111572266,2732900
2016-03-22,94.33000183105469,96.5999984741211,93.68000030517578,95.0,83.98579406738281,4003300
2016-03-23,94.75,94.7699966430664,91.5,91.76000213623047,81.12145233154297,2251700
2016-03-24,90.5,93.68000030517578,89.55000305175781,93.47000122070312,82.63316345214844,3299500
2016-03-28,93.52999877929688,93.88999938964844,89.61000061035156,92.83000183105469,82.0673828125,3305600
2016-03-29,94.72000122070312,95.43000030517578,92.1500015258789,94.13999938964844,83.22549438476562,3412700
2016-03-30,95.6500015258789,95.98999786376953,91.73999786376953,93.98999786376953,83.09290313720703,3214200
2016-03-31,94.08000183105469,94.62000274658203,92.01000213623047,93.43000030517578,82.59781646728516,2973100
2016-04-01,91.83999633789062,95.25,90.33999633789062,94.73999786376953,83.75595092773438,4545000
2016-04-04,94.55999755859375,96.22000122070312,93.16999816894531,93.4000015258789,82.57129669189453,2755000
2016-04-05,91.62000274658203,93.30000305175781,90.4000015258789,90.91999816894531,80.37883758544922,4427100
2016-04-06,91.69999694824219,91.81999969482422,85.72000122070312,89.55000305175781,79.16767883300781,7577100
2016-04-07,95.04000091552734,100.83999633789062,94.7699966430664,99.98999786376953,88.39727020263672,12644100
2016-04-08,100.62000274658203,102.44000244140625,97.4000015258789,98.77999877929688,87.3275375366211,6248900
2016-04-11,99.62999725341797,101.44999694824219,98.30000305175781,98.30999755859375,86.91204071044922,3806900
2016-04-12,97.76000213623047,98.22000122070312,95.5199966430664,97.19000244140625,85.92190551757812,3439500
2016-04-13,96.37000274658203,98.19999694824219,95.7300033569336,97.68000030517578,86.35507202148438,2991700
2016-04-14,101.0,101.16000366210938,96.5999984741211,97.66999816894531,86.34620666503906,3933200
2016-04-15,97.41999816894531,98.66000366210938,96.80999755859375,97.66999816894531,86.34620666503906,1861000
2016-04-18,97.08999633789062,97.37999725341797,95.9000015258789,96.4800033569336,85.29419708251953,2528900
2016-04-19,96.70999908447266,100.4000015258789,96.70999908447266,99.98999786376953,88.39727020263672,3433300
2016-04-20,99.2699966430664,100.9800033569336,98.5,99.38999938964844,87.8668212890625,2424600
2016-04-21,96.79000091552734,97.18000030517578,94.36000061035156,95.79000091552734,84.68421173095703,5222400
2016-04-22,95.52999877929688,96.7699966430664,94.37999725341797,96.0,84.8698501586914,2482000
2016-04-25,95.83000183105469,95.83000183105469,89.94000244140625,90.94000244140625,80.39649963378906,4901500
2016-04-26,90.94000244140625,92.27999877929688,89.26000213623047,89.66000366210938,79.26490783691406,3680900
2016-04-27,89.38999938964844,91.08999633789062,88.87999725341797,89.16999816894531,78.83172607421875,2514800
2016-04-28,88.36000061035156,92.37000274658203,88.29000091552734,89.22000122070312,78.87591552734375,2969800
2016-04-29,88.0199966430664,90.77999877929688,87.7699966430664,88.30000305175781,78.0625991821289,3214700
2016-05-02,91.30000305175781,94.48999786376953,90.7699966430664,94.27999877929688,83.34925842285156,4269300
2016-05-03,92.98999786376953,95.7300033569336,91.58000183105469,94.44999694824219,83.49956512451172,3669100
2016-05-04,92.37999725341797,93.47000122070312,90.12000274658203,91.2300033569336,80.65290069580078,3308200
2016-05-05,91.06999969482422,91.55999755859375,88.9800033569336,89.62000274658203,79.22953796386719,3925600
2016-05-06,91.61000061035156,92.86000061035156,88.58000183105469,91.20999908447266,80.63522338867188,3671600
2016-05-09,91.55000305175781,92.16999816894531,89.05999755859375,89.62000274658203,79.22953796386719,2693000
2016-05-10,89.83999633789062,94.08999633789062,89.72000122070312,94.02999877929688,83.12824249267578,3093200
2016-05-11,93.98999786376953,94.23999786376953,92.05999755859375,92.95999908447266,82.18229675292969,2085300
2016-05-12,93.69000244140625,94.38999938964844,91.51000213623047,93.41999816894531,82.58899688720703,1876100
2016-05-13,92.52999877929688,93.29000091552734,89.7300033569336,89.94999694824219,79.94917297363281,2341000
2016-05-16,89.83999633789062,91.83999633789062,89.55000305175781,90.87999725341797,80.77579498291016,1520300
2016-05-17,90.87999725341797,93.5999984741211,90.29000091552734,91.2300033569336,81.08688354492188,1978800
2016-05-18,90.41000366210938,91.63999938964844,88.08999633789062,88.44999694824219,78.615966796875,2691400
2016-05-19,87.69999694824219,89.31999969482422,87.16000366210938,88.44999694824219,78.615966796875,2504900
2016-05-20,88.93000030517578,90.26000213623047,88.61000061035156,88.95999908447266,79.06925201416016,1746900
2016-05-23,89.30000305175781,91.9800033569336,89.0,91.4800033569336,81.30906677246094,2112000
2016-05-24,92.37999725341797,93.58999633789062,91.69999694824219,93.22000122070312,82.8556137084961,1619800
2016-05-25,93.87000274658203,97.19000244140625,93.80000305175781,96.6500015258789,85.90426635742188,3116800
2016-05-26,97.44999694824219,97.44999694824219,93.80999755859375,94.62000274658203,84.0999755859375,1974700
2016-05-27,94.55000305175781,96.80000305175781,94.08999633789062,95.95999908447266,85.29100036621094,1598000
2016-05-31,96.4000015258789,97.69999694824219,95.69999694824219,96.18000030517578,85.48654174804688,2139100
2016-06-01,94.01000213623047,97.01000213623047,93.08000183105469,96.7300033569336,85.97539520263672,2100500
2016-06-02,96.83999633789062,99.87000274658203,96.01000213623047,99.41000366210938,88.35742950439453,2985400
2016-06-03,98.91999816894531,98.94000244140625,96.05999755859375,98.5,87.5485610961914,2769200
2016-06-06,96.98999786376953,99.4000015258789,96.25,98.69000244140625,87.71746826171875,2323200
2016-06-07,98.37999725341797,101.9800033569336,98.12999725341797,101.11000061035156,89.86841583251953,3214400
2016-06-08,102.0,103.36000061035156,100.05000305175781,101.31999969482422,90.05504608154297,2593100
2016-06-09,100.48999786376953,101.41000366210938,99.62000274658203,100.79000091552734,89.58397674560547,1238600
2016-06-10,99.94000244140625,101.02999877929688,98.44999694824219,100.44999694824219,89.28176879882812,2469000
2016-06-13,99.62999725341797,102.75,99.55000305175781,100.1500015258789,89.01514434814453,1952800
2016-06-14,99.36000061035156,101.72000122070312,98.2699966430664,101.54000091552734,90.25057983398438,2412500
2016-06-15,101.66000366210938,104.0999984741211,100.87000274658203,101.5999984741211,90.30391693115234,2211700
2016-06-16,100.68000030517578,101.58999633789062,99.18000030517578,101.19999694824219,89.94837951660156,2074300
2016-06-17,102.30999755859375,103.75,101.5999984741211,103.19000244140625,91.71712493896484,2191500
2016-06-20,104.0199966430664,105.69000244140625,100.13999938964844,100.29000091552734,89.13956451416016,2839700
2016-06-21,100.5199966430664,102.05000305175781,99.52999877929688,101.80999755859375,90.49056243896484,1991500
2016-06-22,102.3499984741211,102.87999725341797,100.63999938964844,100.72000122070312,89.52176666259766,1747700
2016-06-23,102.0,102.9000015258789,101.13999938964844,101.69999694824219,90.39280700683594,1569000
2016-06-24,97.87000274658203,99.6500015258789,91.94999694824219,92.29000091552734,82.0290298461914,4896900
2016-06-27,90.75,90.75,86.33999633789062,87.69000244140625,77.9404525756836,5475000
2016-06-28,90.19999694824219,90.4800033569336,87.4000015258789,88.27999877929688,78.46483612060547,3780300
2016-06-29,90.0,92.04000091552734,88.9000015258789,91.27999877929688,81.1313247680664,2613400
2016-06-30,91.44000244140625,92.0,89.1500015258789,90.63999938964844,80.5624771118164,2580700
2016-07-01,90.80000305175781,93.94999694824219,90.63999938964844,91.79000091552734,81.5846176147461,2821500
2016-07-05,91.25,91.25,88.12000274658203,89.0999984741211,79.19367980957031,2405100
2016-07-06,88.55999755859375,90.06999969482422,87.26000213623047,89.93000030517578,79.93142700195312,2133700
2016-07-07,90.06999969482422,90.97000122070312,88.18000030517578,88.95999908447266,79.06925201416016,1999500
2016-07-08,89.79000091552734,90.73999786376953,89.19999694824219,89.75,79.77142333984375,2006400
2016-07-11,91.30000305175781,96.05999755859375,91.27999877929688,94.0999984741211,83.63778686523438,4057100
2016-07-12,95.87000274658203,96.56999969482422,94.51000213623047,96.5,85.77093505859375,2634100
2016-07-13,96.4800033569336,96.4800033569336,93.97000122070312,94.87999725341797,84.33104705810547,2037600
2016-07-14,93.77999877929688,94.75,90.77999877929688,92.0199966430664,81.78902435302734,3453300
2016-07-15,92.55999755859375,93.80000305175781,92.13999938964844,92.22000122070312,81.966796875,1770700
2016-07-18,92.36000061035156,96.93000030517578,92.12999725341797,96.66000366210938,85.91316986083984,3102000
2016-07-19,96.0,96.19999694824219,94.52999877929688,95.16999816894531,84.58882141113281,1799100
2016-07-20,94.29000091552734,94.95999908447266,93.19000244140625,94.18000030517578,83.70887756347656,2077000
2016-07-21,94.08000183105469,95.3499984741211,93.43000030517578,93.88999938964844,83.45113372802734,1793800
2016-07-22,94.5,95.91000366210938,93.48999786376953,95.7699966430664,85.12210845947266,1510000
2016-07-25,97.25,99.0,96.26000213623047,97.41000366210938,86.57978057861328,2883100
2016-07-26,100.01000213623047,103.86000061035156,99.9000015258789,103.47000122070312,91.96600341796875,4013800
2016-07-27,103.25,103.7699966430664,100.19999694824219,102.23999786376953,90.87276458740234,2388000
2016-07-28,102.5199966430664,104.91000366210938,101.0,104.66000366210938,93.02369689941406,3848400
2016-07-29,96.13999938964844,103.0,96.01000213623047,97.94999694824219,87.05974578857422,8143600
2016-08-01,97.94999694824219,99.5,94.81999969482422,97.93000030517578,87.04196166992188,3437800
2016-08-02,97.55999755859375,97.8499984741211,96.05000305175781,96.91999816894531,86.14424133300781,1947600
2016-08-03,96.02999877929688,98.11000061035156,95.5,97.66000366210938,86.80198669433594,1497600
2016-08-04,98.0199966430664,98.83000183105469,96.33000183105469,98.25,87.32638549804688,2043500
2016-08-05,98.93000030517578,99.30999755859375,97.3499984741211,97.51000213623047,86.66865539550781,1808000
2016-08-08,97.66000366210938,100.2699966430664,97.56999969482422,100.05000305175781,88.92623138427734,1973000
2016-08-09,99.95999908447266,101.19999694824219,99.05999755859375,100.19000244140625,89.49795532226562,1674500
2016-08-10,100.4000015258789,100.77999877929688,98.80999755859375,99.58999633789062,88.96198272705078,1296200
2016-08-11,100.19999694824219,103.77999877929688,100.01000213623047,102.66000366210938,91.70436096191406,3366500
2016-08-12,99.5,100.87999725341797,99.2300033569336,99.75,89.10491943359375,3005000
2016-08-15,100.9800033569336,104.44000244140625,100.16000366210938,103.73999786376953,92.66909790039062,3662500
2016-08-16,104.05999755859375,104.05999755859375,100.62000274658203,101.41999816894531,90.59667205810547,3013600
2016-08-17,101.87999725341797,102.0999984741211,100.87000274658203,101.33000183105469,90.51629638671875,2032500
2016-08-18,100.94999694824219,101.37999725341797,98.25,99.68000030517578,89.0423812866211,3053700
2016-08-19,98.79000091552734,99.0,95.94000244140625,97.37999725341797,86.98782348632812,3887700
2016-08-22,97.69000244140625,97.69999694824219,96.12000274658203,97.0999984741211,86.73770141601562,2698800
2016-08-23,98.0199966430664,98.91000366210938,96.25,96.38999938964844,86.10347747802734,2775900
2016-08-24,96.01000213623047,96.4800033569336,90.3499984741211,90.80999755859375,81.11898040771484,6068500
2016-08-25,91.62000274658203,92.45999908447266,90.05999755859375,90.51000213623047,80.85098266601562,2758300
2016-08-26,90.69000244140625,91.30000305175781,88.87000274658203,89.8499984741211,80.26142120361328,3116400
2016-08-29,89.3499984741211,91.80000305175781,89.30000305175781,90.72000122070312,81.03858184814453,2151000
2016-08-30,90.86000061035156,91.80999755859375,89.63999938964844,90.1500015258789,80.5293960571289,2159700
2016-08-31,89.2699966430664,90.94999694824219,88.5,89.31999969482422,79.7879638671875,2146500
2016-09-01,93.58000183105469,95.26000213623047,93.0,93.16999816894531,83.22710418701172,6805000
2016-09-02,93.80000305175781,94.05000305175781,91.11000061035156,92.37999725341797,82.52142333984375,3025400
2016-09-06,92.95999908447266,93.87999725341797,91.81999969482422,92.79000091552734,82.88766479492188,2029900
2016-09-07,93.48999786376953,95.23999786376953,93.25,94.3499984741211,84.28119659423828,2617000
2016-09-08,95.94000244140625,96.70999908447266,95.0199966430664,95.77999877929688,85.55856323242188,2792800
2016-09-09,96.37000274658203,98.5,95.2300033569336,98.41000366210938,87.90789794921875,6349200
2016-09-12,97.56999969482422,104.06999969482422,97.08000183105469,104.01000213623047,92.9103012084961,7002800
2016-09-13,103.05999755859375,104.79000091552734,102.19999694824219,103.70999908447266,92.64229583740234,4456500
2016-09-14,104.5,107.68000030517578,103.26000213623047,107.25,95.80452728271484,4905300
2016-09-15,106.87999725341797,109.5,104.7300033569336,108.68000030517578,97.08192443847656,5706900
2016-09-16,108.6500015258789,109.2699966430664,106.72000122070312,108.56999969482422,96.98365020751953,3835000
2016-09-19,108.27999877929688,108.43000030517578,103.44999694824219,103.95999908447266,92.86561584472656,4273700
2016-09-20,103.7300033569336,104.81999969482422,102.41999816894531,103.48999786376953,92.44580078125,2818600
2016-09-21,104.08999633789062,105.22000122070312,101.51000213623047,103.0,92.00807189941406,4014700
2016-09-22,103.51000213623047,104.08000183105469,101.72000122070312,102.29000091552734,91.37385559082031,3839900
2016-09-23,101.08000183105469,102.55000305175781,98.37999725341797,102.13999938964844,91.23987579345703,5125800
2016-09-26,101.55000305175781,101.66999816894531,99.66000366210938,100.80999755859375,90.05178833007812,2622800
2016-09-27,100.13999938964844,102.11000061035156,99.7699966430664,100.73999786376953,89.98925018310547,3779100
2016-09-28,101.55999755859375,101.75,98.5,101.66000366210938,90.81108093261719,3047200
2016-09-29,101.16999816894531,103.62999725341797,100.0,100.58999633789062,89.85526275634766,2858100
2016-09-30,98.13999938964844,98.44999694824219,94.80000305175781,97.41999816894531,87.02355194091797,6737900
2016-10-03,100.29000091552734,101.25,98.93000030517578,99.27999877929688,88.6850814819336,4234900
2016-10-04,99.2699966430664,99.58999633789062,96.16000366210938,96.37999725341797,86.09453582763672,3288400
2016-10-05,96.31999969482422,98.37000274658203,95.87999725341797,97.94000244140625,87.48806762695312,2699600
2016-10-06,97.5,98.5999984741211,97.0999984741211,97.73999786376953,87.30941009521484,1969200
2016-10-07,97.62999725341797,97.98999786376953,96.13999938964844,97.01000213623047,86.65731811523438,2165800
2016-10-10,97.19000244140625,99.48999786376953,97.01000213623047,98.66999816894531,88.14015197753906,1813600
2016-10-11,99.83000183105469,101.05999755859375,97.37999725341797,97.69999694824219,87.27367401123047,2791500
2016-10-12,97.33000183105469,97.91000366210938,96.0,96.43000030517578,86.13920593261719,2034400
2016-10-13,95.75,95.79000091552734,92.81999969482422,94.94999694824219,84.81714630126953,3060700
2016-10-14,95.66999816894531,96.33999633789062,91.91000366210938,93.37000274658203,83.40576934814453,2885500
2016-10-17,91.2300033569336,94.13999938964844,91.05999755859375,93.0999984741211,83.1645736694336,1887900
2016-10-18,94.48999786376953,94.87999725341797,92.56999969482422,92.9800033569336,83.057373046875,1183300
2016-10-19,92.79000091552734,95.94000244140625,92.79000091552734,95.5199966430664,85.32632446289062,1852300
2016-10-20,95.13999938964844,97.23999786376953,95.01000213623047,96.0,85.75508880615234,1498400
2016-10-21,95.5,96.2300033569336,94.5,95.2699966430664,85.10299682617188,1927500
2016-10-24,96.81999969482422,97.88999938964844,96.4000015258789,96.80000305175781,86.46971893310547,1500100
2016-10-25,96.6500015258789,96.66999816894531,95.1500015258789,95.56999969482422,85.37097930908203,1172900
2016-10-26,95.2300033569336,97.55000305175781,95.2300033569336,95.75,85.53179168701172,1804200
2016-10-27,97.05000305175781,97.05000305175781,93.12000274658203,94.18000030517578,84.12932586669922,1851000
2016-10-28,94.29000091552734,95.55000305175781,93.75,94.18000030517578,84.12932586669922,2079000
2016-10-31,94.66000366210938,95.05000305175781,93.41999816894531,94.55000305175781,84.4598388671875,1341600
2016-11-01,96.43000030517578,99.75,95.94999694824219,98.2300033569336,87.74712371826172,3722300
2016-11-02,97.7699966430664,98.11000061035156,95.86000061035156,96.5199966430664,86.21958923339844,2542400
2016-11-03,92.20999908447266,92.93000030517578,86.7300033569336,87.52999877929688,78.1889877319336,9050400
2016-11-04,88.2300033569336,89.19999694824219,86.56999969482422,88.04000091552734,78.64456939697266,3223800
2016-11-07,89.94999694824219,90.0,87.31999969482422,87.86000061035156,78.4837875366211,2792100
2016-11-08,87.9000015258789,88.4800033569336,86.18000030517578,86.66999816894531,77.4207763671875,3439400
2016-11-09,85.3499984741211,88.52999877929688,84.5999984741211,87.83999633789062,78.46592712402344,2798900
2016-11-10,89.16000366210938,89.6500015258789,84.80000305175781,85.30000305175781,76.19697570800781,3564900
2016-11-11,84.79000091552734,85.52999877929688,82.51000213623047,84.9800033569336,75.91112518310547,3252600
2016-11-14,84.5,85.98999786376953,82.76000213623047,84.51000213623047,75.49129486083984,2480700
2016-11-15,84.94999694824219,87.55000305175781,84.87999725341797,86.87000274658203,78.061279296875,2288600
2016-11-16,86.77999877929688,87.91999816894531,85.9000015258789,86.56999969482422,77.79170989990234,1825800
2016-11-17,87.79000091552734,90.66000366210938,87.3499984741211,90.44000244140625,81.26927947998047,3636900
2016-11-18,91.2300033569336,94.0,90.88999938964844,92.3499984741211,82.98560333251953,3224700
2016-11-21,94.70999908447266,98.44999694824219,94.25,97.37999725341797,87.50554656982422,5209400
2016-11-22,97.05999755859375,98.30999755859375,96.0,98.0999984741211,88.15252685546875,2690300
2016-11-23,97.94999694824219,101.52999877929688,97.55000305175781,101.31999969482422,91.04603576660156,4267800
2016-11-25,101.51000213623047,102.19999694824219,100.47000122070312,101.55000305175781,91.25273132324219,1170400
2016-11-28,101.41000366210938,103.1500015258789,100.76000213623047,102.0,91.6570816040039,2746200
2016-11-29,101.18000030517578,102.55000305175781,99.19999694824219,99.79000091552734,89.67118072509766,2687200
2016-11-30,101.80000305175781,104.9000015258789,101.5199966430664,101.98999786376953,91.64808654785156,2618300
2016-12-01,101.0,101.0,97.33000183105469,99.2699966430664,89.20391082763672,3881900
2016-12-02,98.0,99.5999984741211,97.4000015258789,98.63999938964844,88.63777923583984,1955500
2016-12-05,99.55999755859375,100.38999938964844,97.97000122070312,98.37000274658203,88.3951644897461,1678600
2016-12-06,99.0,102.30000305175781,98.75,102.18000030517578,91.81883239746094,2892100
2016-12-07,101.27999877929688,102.08999633789062,100.05000305175781,101.98999786376953,91.64808654785156,1769500
2016-12-08,102.2300033569336,102.2300033569336,90.0,90.72000122070312,81.5208969116211,12682400
2016-12-09,96.41000366210938,96.48999786376953,91.1500015258789,91.87999725341797,82.56326293945312,9967100
2016-12-12,92.27999877929688,92.48999786376953,90.08000183105469,91.5,82.2217788696289,3363100
2016-12-13,93.12999725341797,94.75,92.0199966430664,93.5,84.01898193359375,3743300
2016-12-14,93.75,94.47000122070312,91.44999694824219,92.16000366210938,82.81488037109375,3537500
2016-12-15,91.81999969482422,92.4800033569336,90.38999938964844,90.87999725341797,81.66465759277344,3120100
2016-12-16,91.04000091552734,92.1500015258789,90.43000030517578,91.9000015258789,82.58122253417969,4106700
2016-12-19,92.0,92.70999908447266,89.8499984741211,90.12000274658203,80.98172760009766,3142100
2016-12-20,90.33000183105469,91.05999755859375,88.0,88.30999755859375,79.35526275634766,4096000
2016-12-21,89.0999984741211,89.69999694824219,88.0,89.2699966430664,80.21790313720703,2455400
2016-12-22,89.01000213623047,89.19000244140625,87.69999694824219,88.25,79.30134582519531,2076800
2016-12-23,87.80999755859375,89.0,87.73999786376953,88.33999633789062,79.3822250366211,1256300
2016-12-27,88.62999725341797,89.22000122070312,88.01000213623047,88.23999786376953,79.29236602783203,1483400
2016-12-28,88.2300033569336,88.66999816894531,86.62000274658203,87.08000183105469,78.24999237060547,1671600
2016-12-29,87.06999969482422,87.5199966430664,86.73999786376953,87.16999816894531,78.33087158203125,984600
2016-12-30,87.0999984741211,87.44999694824219,85.56999969482422,86.51000213623047,77.73779296875,1888500
2017-01-03,87.19999694824219,87.88999938964844,86.19999694824219,87.45999908447266,78.59144592285156,2703500
2017-01-04,87.70999908447266,90.45999908447266,87.70999908447266,90.27999877929688,81.12548065185547,2598800
2017-01-05,90.80000305175781,92.33000183105469,90.63999938964844,91.44000244140625,82.1678695678711,2507500
2017-01-06,91.08000183105469,92.62999725341797,90.80999755859375,92.43000030517578,83.0574722290039,1858400
2017-01-09,93.87999725341797,95.0,92.62000274658203,92.75,83.34503936767578,2776200
2017-01-10,93.66999816894531,95.47000122070312,93.36000061035156,94.83000183105469,85.2141342163086,3055400
2017-01-11,94.31999969482422,94.76000213623047,92.02999877929688,92.93000030517578,83.50679016113281,2207300
2017-01-12,92.62999725341797,92.80000305175781,90.22000122070312,91.94000244140625,82.61717987060547,1904000
2017-01-13,92.5,92.5,90.5,90.52999877929688,81.35015869140625,1527100
2017-01-17,90.5,93.19999694824219,89.5999984741211,92.33999633789062,82.97660064697266,2008600
2017-01-18,92.87999725341797,92.87999725341797,91.3499984741211,91.9800033569336,82.65311431884766,1202400
2017-01-19,91.83999633789062,92.3499984741211,90.51000213623047,90.93000030517578,81.7095947265625,1143500
2017-01-20,91.30999755859375,92.20999908447266,90.77999877929688,90.81999969482422,81.6107406616211,955200
2017-01-23,90.88999938964844,93.62999725341797,90.88999938964844,92.63999938964844,83.24620056152344,2322600
2017-01-24,92.87000274658203,94.44000244140625,92.51000213623047,94.02999877929688,84.49525451660156,1775800
2017-01-25,94.5999984741211,97.23999786376953,94.5999984741211,96.41999816894531,86.64289855957031,2865800
2017-01-26,96.0,99.3499984741211,95.19999694824219,95.5,85.81622314453125,5216100
2017-01-27,102.0,104.05000305175781,101.0,103.08000183105469,92.6275634765625,7967400
2017-01-30,102.72000122070312,104.38999938964844,102.0999984741211,102.55000305175781,92.15131378173828,2483400
2017-01-31,102.1500015258789,102.44999694824219,100.88999938964844,101.43000030517578,91.14488220214844,1827500
2017-02-01,99.55999755859375,100.08999633789062,97.7699966430664,97.86000061035156,87.93687438964844,3025400
2017-02-02,97.33000183105469,98.08000183105469,96.55999755859375,97.37999725341797,87.50554656982422,1698700
2017-02-03,97.68000030517578,98.5,96.69999694824219,96.91999816894531,87.09220123291016,1888800
2017-02-06,98.25,99.30000305175781,95.98999786376953,97.0199966430664,87.18205261230469,2828800
2017-02-07,96.87000274658203,97.29000091552734,96.52999877929688,97.01000213623047,87.1730728149414,1903100
2017-02-08,96.9800033569336,97.2300033569336,96.33000183105469,97.18000030517578,87.32583618164062,1061000
2017-02-09,97.55999755859375,99.16999816894531,97.30000305175781,98.87999725341797,88.85343933105469,1764300
2017-02-10,99.02999877929688,100.19999694824219,98.5199966430664,98.9000015258789,89.32310485839844,2314900
2017-02-13,98.87999725341797,99.41999816894531,98.20999908447266,98.97000122070312,89.38631439208984,1621200
2017-02-14,100.51000213623047,100.66000366210938,97.5999984741211,97.68000030517578,88.22124481201172,1876200
2017-02-15,97.44000244140625,100.29000091552734,96.91000366210938,99.79000091552734,90.12691497802734,1924900
2017-02-16,99.58999633789062,99.5999984741211,96.56999969482422,96.72000122070312,87.35419464111328,2813000
2017-02-17,96.20999908447266,96.33999633789062,95.0199966430664,95.91000366210938,86.62262725830078,1988600
2017-02-21,96.19999694824219,96.37999725341797,95.05000305175781,95.97000122070312,86.67681121826172,1551000
2017-02-22,95.88999938964844,95.97000122070312,94.30999755859375,94.75,85.57495880126953,1975100
2017-02-23,95.16000366210938,95.27999877929688,93.5999984741211,93.83999633789062,84.75308990478516,2079400
2017-02-24,93.25,94.05999755859375,92.66999816894531,94.01000213623047,84.90662384033203,1935300
2017-02-27,94.44000244140625,96.23999786376953,94.27999877929688,95.51000213623047,86.2613754272461,1694400
2017-02-28,95.22000122070312,97.75,94.80999755859375,96.1500015258789,86.83939361572266,2094100
2017-03-01,99.9000015258789,103.70999908447266,99.62000274658203,102.70999908447266,92.76415252685547,6088500
2017-03-02,102.66999816894531,102.66999816894531,99.73999786376953,100.1500015258789,90.4520492553711,2754100
2017-03-03,100.0199966430664,101.5199966430664,99.08000183105469,101.04000091552734,91.25586700439453,1782100
2017-03-06,100.77999877929688,101.13999938964844,99.5199966430664,100.37000274658203,90.65074920654297,1206000
2017-03-07,99.77999877929688,100.16999816894531,98.25,99.45999908447266,89.82887268066406,2462400
2017-03-08,99.37999725341797,100.30999755859375,98.76000213623047,99.2300033569336,89.62114715576172,1204700
2017-03-09,98.81999969482422,99.73999786376953,98.41000366210938,98.98999786376953,89.40437316894531,1081600
2017-03-10,99.16999816894531,100.5199966430664,98.81999969482422,99.55000305175781,89.91015625,1485800
2017-03-13,101.94999694824219,104.70999908447266,101.5,104.30000305175781,94.2001953125,3453700
2017-03-14,104.19999694824219,105.83000183105469,103.75,104.69999694824219,94.56146240234375,2777100
2017-03-15,104.81999969482422,104.9800033569336,103.12999725341797,104.75,94.60663604736328,2129400
2017-03-16,105.0,108.5999984741211,103.77999877929688,106.16999816894531,95.88909912109375,4710000
2017-03-17,107.2699966430664,110.30999755859375,106.69999694824219,110.19000244140625,99.51983642578125,3913500
2017-03-20,110.0,113.8499984741211,110.0,111.63999938964844,100.82941436767578,5013300
2017-03-21,112.98999786376953,113.94999694824219,110.55000305175781,111.75,100.92877960205078,4163700
2017-03-22,111.86000061035156,113.5199966430664,111.30000305175781,113.3499984741211,102.37384796142578,2473000
2017-03-23,113.29000091552734,114.08000183105469,111.77999877929688,112.31999969482422,101.44361114501953,2302600
2017-03-24,112.75,113.2699966430664,110.88999938964844,111.91999816894531,101.08232879638672,1666300
2017-03-27,110.80999755859375,115.7699966430664,110.18000030517578,114.6500015258789,103.54795837402344,3487200
2017-03-28,114.9800033569336,116.19000244140625,113.88999938964844,115.18000030517578,104.0266342163086,2148000
2017-03-29,114.87000274658203,115.98999786376953,114.55000305175781,115.48999786376953,104.30660247802734,1213300
2017-03-30,115.29000091552734,115.7300033569336,113.80000305175781,114.30000305175781,103.23184204101562,1685900
2017-03-31,113.33999633789062,114.93000030517578,112.69999694824219,114.61000061035156,103.51182556152344,1979600
2017-04-03,117.81999969482422,119.80000305175781,115.87000274658203,116.33999633789062,105.07430267333984,3477200
2017-04-04,116.0,116.86000061035156,115.2699966430664,116.73999786376953,105.43557739257812,1668100
2017-04-05,118.2699966430664,119.43000030517578,116.51000213623047,116.68000030517578,105.38137817382812,3103600
2017-04-06,116.18000030517578,118.56999969482422,116.08000183105469,117.8499984741211,106.43809509277344,1953900
2017-04-07,117.7699966430664,117.94999694824219,116.30000305175781,116.83000183105469,105.51686096191406,1582800
2017-04-10,116.30000305175781,117.55999755859375,115.31999969482422,116.18000030517578,104.92980194091797,1293200
2017-04-11,116.41000366210938,116.75,113.86000061035156,116.2300033569336,104.97496032714844,1934900
2017-04-12,116.62999725341797,117.06999969482422,114.73999786376953,115.38999938964844,104.21630096435547,1654600
2017-04-13,115.05000305175781,115.33999633789062,112.91000366210938,113.47000122070312,102.48224639892578,2553400
2017-04-17,113.7699966430664,115.19999694824219,113.69000244140625,114.63999938964844,103.53893280029297,3059300
2017-04-18,114.0,116.05999755859375,113.81999969482422,115.88999938964844,104.66788482666016,1752300
2017-04-19,115.75,116.5999984741211,114.73999786376953,114.94000244140625,103.80989074707031,1207600
2017-04-20,116.18000030517578,116.69999694824219,115.4000015258789,116.1500015258789,104.90271759033203,2107800
2017-04-21,116.25,116.37000274658203,114.4000015258789,115.9000015258789,104.6769027709961,4250200
2017-04-24,116.9800033569336,117.0,115.22000122070312,115.56999969482422,104.37887573242188,2350200
2017-04-25,115.7300033569336,118.33999633789062,115.7300033569336,118.22000122070312,106.77223205566406,4245500
2017-04-26,123.30000305175781,127.19999694824219,121.56999969482422,125.19000244140625,113.06733703613281,6282700
2017-04-27,125.22000122070312,125.95999908447266,124.0,124.5,112.44412994384766,2448300
2017-04-28,125.04000091552734,125.04000091552734,122.97000122070312,123.01000213623047,111.09843444824219,1522800
2017-05-01,123.98999786376953,126.98999786376953,123.25,125.91999816894531,113.72662353515625,2138700
2017-05-02,126.51000213623047,126.56999969482422,124.86000061035156,125.30000305175781,113.16665649414062,1497500
2017-05-03,125.23999786376953,126.16999816894531,124.54000091552734,125.8499984741211,113.66341400146484,1322800
2017-05-04,126.12000274658203,126.44999694824219,123.87999725341797,124.31999969482422,112.28157806396484,1423300
2017-05-05,123.4800033569336,123.83000183105469,119.83999633789062,122.13999938964844,110.31267547607422,3086100
2017-05-08,120.79000091552734,121.62000274658203,119.16999816894531,120.19999694824219,108.56051635742188,2901900
2017-05-09,120.44000244140625,123.9000015258789,120.2300033569336,123.45999908447266,111.97061920166016,2917400
2017-05-10,122.55000305175781,123.37999725341797,121.68000030517578,123.2699966430664,111.79829406738281,1236300
2017-05-11,123.36000061035156,123.36000061035156,121.70999908447266,122.2300033569336,110.8550796508789,1051300
2017-05-12,124.68000030517578,127.13999938964844,124.18000030517578,125.29000091552734,113.63030242919922,2374900
2017-05-15,124.79000091552734,126.47000122070312,124.26000213623047,125.69000244140625,113.99309539794922,1396300
2017-05-16,126.43000030517578,129.02999877929688,126.05000305175781,127.91000366210938,116.00650024414062,2408100
2017-05-17,126.2300033569336,126.6500015258789,122.38999938964844,122.62000274658203,111.20880126953125,2716000
2017-05-18,120.55000305175781,123.75,120.5199966430664,122.41999816894531,111.02740478515625,1651800
2017-05-19,123.02999877929688,124.94000244140625,120.47000122070312,121.7300033569336,110.40162658691406,3182000
2017-05-22,123.55999755859375,125.81999969482422,123.0,125.16000366210938,113.5124282836914,1979800
2017-05-23,125.83999633789062,127.58000183105469,123.88999938964844,124.1500015258789,112.59639739990234,1907800
2017-05-24,124.19000244140625,124.68000030517578,123.31999969482422,124.0,112.46036529541016,1100100
2017-05-25,124.02999877929688,124.83999633789062,123.66999816894531,124.44000244140625,112.85944366455078,1000300
2017-05-26,124.44999694824219,127.31999969482422,124.44999694824219,125.7300033569336,114.02935791015625,1354100
2017-05-30,125.7300033569336,127.58999633789062,125.36000061035156,126.58000183105469,114.80028533935547,1617300
2017-05-31,126.86000061035156,128.8300018310547,125.5,128.6999969482422,116.72297668457031,1697100
2017-06-01,131.8000030517578,135.25999450683594,130.75,133.58999633789062,121.15789031982422,4059300
2017-06-02,134.4499969482422,134.92999267578125,133.19000244140625,134.67999267578125,122.146484375,2293600
2017-06-05,134.35000610351562,134.8000030517578,132.5,133.27999877929688,120.87676239013672,1423700
2017-06-06,133.50999450683594,134.33999633789062,132.2899932861328,132.60000610351562,120.26004028320312,1892400
2017-06-07,133.27000427246094,133.27000427246094,131.1699981689453,132.30999755859375,119.99701690673828,2371500
2017-06-08,133.44000244140625,134.9600067138672,132.5,134.72999572753906,122.19181060791016,2609600
2017-06-09,134.52999877929688,135.08999633789062,127.5999984741211,129.58999633789062,117.5301513671875,3109700
2017-06-12,128.6699981689453,132.35000610351562,128.02999877929688,130.25,118.12870025634766,1921200
2017-06-13,132.4600067138672,134.60000610351562,132.07000732421875,134.16000366210938,121.6749038696289,1665400
2017-06-14,134.41000366210938,135.25999450683594,132.58999633789062,133.49000549316406,121.06720733642578,1235900
2017-06-15,131.4600067138672,134.35000610351562,130.85000610351562,134.0399932861328,121.5660171508789,1257100
2017-06-16,134.41000366210938,136.97999572753906,133.91000366210938,134.4600067138672,121.9469223022461,1806200
2017-06-19,136.60000610351562,138.7899932861328,136.11000061035156,138.4199981689453,125.5384292602539,1824800
2017-06-20,138.10000610351562,138.52000427246094,136.32000732421875,137.1300048828125,124.36846923828125,1359700
2017-06-21,137.02999877929688,138.44000244140625,136.58999633789062,137.4600067138672,124.6677474975586,897200
2017-06-22,137.3699951171875,137.9600067138672,135.97999572753906,137.0500030517578,124.29590606689453,1126900
2017-06-23,136.58999633789062,138.39999389648438,136.0500030517578,138.32000732421875,125.44775390625,1455900
2017-06-26,138.5,139.6699981689453,136.75,137.14999389648438,124.38660430908203,1174500
2017-06-27,137.0,138.75,135.3300018310547,135.6300048828125,123.00807189941406,1729800
2017-06-28,135.97999572753906,136.69000244140625,134.00999450683594,135.94000244140625,123.28919219970703,1268400
2017-06-29,135.8000030517578,135.82000732421875,131.0800018310547,132.75999450683594,120.40514373779297,1779600
2017-06-30,133.13999938964844,135.05999755859375,131.6999969482422,134.1199951171875,121.63858795166016,1455000
2017-07-03,132.8000030517578,132.89999389648438,128.82000732421875,131.00999450683594,118.81800079345703,2005600
2017-07-05,131.60000610351562,132.88999938964844,130.02999877929688,132.4199981689453,120.09677124023438,1212300
2017-07-06,132.0399932861328,132.82000732421875,130.8300018310547,130.91000366210938,118.7273178100586,1276900
2017-07-07,130.8000030517578,133.44000244140625,129.50999450683594,132.4600067138672,120.1330795288086,1334800
2017-07-10,132.6999969482422,135.14999389648438,132.4199981689453,134.9499969482422,122.39134979248047,1119800
2017-07-11,134.99000549316406,135.89999389648438,133.02000427246094,134.2899932861328,121.79275512695312,1391100
2017-07-12,135.57000732421875,136.52999877929688,135.1199951171875,135.27000427246094,122.68155670166016,1183400
2017-07-13,136.1999969482422,136.3300018310547,134.5,134.97999572753906,122.41853332519531,953800
2017-07-14,129.52999877929688,131.83999633789062,127.01000213623047,130.4199981689453,118.28289031982422,4478300
2017-07-17,130.0,131.3300018310547,128.89999389648438,129.85000610351562,117.76596069335938,2156900
2017-07-18,129.9600067138672,133.7100067138672,129.92999267578125,133.5500030517578,121.12162780761719,1740700
2017-07-19,134.2899932861328,135.17999267578125,131.89999389648438,133.1699981689453,120.77699279785156,1359400
2017-07-20,133.25999450683594,133.42999267578125,131.6999969482422,132.0,119.71587371826172,1008800
2017-07-21,132.19000244140625,135.60000610351562,132.17999267578125,134.13999938964844,121.65672302246094,1646700
2017-07-24,136.22999572753906,139.4499969482422,135.5399932861328,138.52999877929688,125.6381607055664,2814000
2017-07-25,139.08999633789062,139.66000366210938,136.6699981689453,138.97999572753906,126.04632568359375,3743200
2017-07-26,132.0,133.0,128.44000244140625,132.0,119.71587371826172,8653800
2017-07-27,132.3300018310547,133.1300048828125,127.33999633789062,128.02000427246094,116.10625457763672,4513400
2017-07-28,127.8499984741211,131.1300048828125,127.6500015258789,128.60000610351562,116.63228607177734,2730500
2017-07-31,129.55999755859375,131.3300018310547,128.5500030517578,129.33999633789062,117.30342102050781,2475300
2017-08-01,130.1300048828125,130.36000061035156,127.41999816894531,128.0,116.0881118774414,2424100
2017-08-02,127.83999633789062,127.91000366210938,124.16000366210938,125.94999694824219,114.22887420654297,2906300
2017-08-03,126.19999694824219,127.19000244140625,125.19999694824219,126.33999633789062,114.58261108398438,1238600
2017-08-04,126.56999969482422,127.9000015258789,125.87000274658203,127.51000213623047,115.64373779296875,1034400
2017-08-07,128.32000732421875,130.4499969482422,128.0,130.22999572753906,118.11058807373047,1707400
2017-08-08,130.64999389648438,131.69000244140625,129.38999938964844,130.07000732421875,118.42012786865234,1791700
2017-08-09,129.55999755859375,130.07000732421875,128.44000244140625,129.85000610351562,118.21986389160156,1789000
2017-08-10,129.0,129.52000427246094,125.93000030517578,126.0199966430664,114.73287963867188,2174300
2017-08-11,125.56999969482422,126.37000274658203,124.11000061035156,125.62999725341797,114.3778076171875,1235200
2017-08-14,127.30999755859375,128.47000122070312,126.77999877929688,128.17999267578125,116.69942474365234,1293200
2017-08-15,131.32000732421875,136.52000427246094,131.25,136.38999938964844,124.1740951538086,5147800
2017-08-16,136.64999389648438,136.9600067138672,135.41000366210938,136.4499969482422,124.22869110107422,2131200
2017-08-17,136.0,137.11000061035156,134.13999938964844,134.6199951171875,122.56265258789062,2190300
2017-08-18,134.50999450683594,136.97999572753906,133.49000549316406,134.89999389648438,122.8175277709961,1729600
2017-08-21,135.99000549316406,136.5,133.22999572753906,135.63999938964844,123.49124145507812,1671300
2017-08-22,136.47999572753906,137.9499969482422,135.7899932861328,136.14999389648438,123.95557403564453,1931800
2017-08-23,133.89999389648438,135.44000244140625,133.27000427246094,134.75,122.68095397949219,1720300
2017-08-24,135.3000030517578,135.3000030517578,132.57000732421875,134.10000610351562,122.0892105102539,1474400
2017-08-25,133.85000610351562,135.2899932861328,132.82000732421875,134.64999389648438,122.5899429321289,1128900
2017-08-28,134.86000061035156,135.2899932861328,132.25999450683594,133.89999389648438,121.90709686279297,1976400
2017-08-29,133.4499969482422,135.49000549316406,132.6300048828125,135.25,123.1362075805664,1136700
2017-08-30,135.30999755859375,136.33999633789062,134.52000427246094,136.10000610351562,123.91004943847656,1012100
2017-08-31,137.11000061035156,139.94000244140625,136.36000061035156,138.99000549316406,126.54121398925781,2629700
2017-09-01,141.39999389648438,144.80999755859375,140.85000610351562,143.4199981689453,130.57444763183594,3014100
2017-09-05,142.5800018310547,143.9199981689453,140.83999633789062,142.5,129.73684692382812,1836000
2017-09-06,143.80999755859375,143.91000366210938,142.08999633789062,143.3800048828125,130.53805541992188,1817300
2017-09-07,144.0,147.5,143.82000732421875,145.75,132.6957550048828,1860700
2017-09-08,145.52999877929688,146.88999938964844,144.16000366210938,144.42999267578125,131.49400329589844,1081100
2017-09-11,146.1699981689453,146.2100067138672,144.2100067138672,145.89999389648438,132.8323211669922,1516700
2017-09-12,145.5,146.25999450683594,143.91000366210938,145.9199981689453,132.8505401611328,992300
2017-09-13,146.39999389648438,146.49000549316406,144.55999755859375,145.47000122070312,132.44078063964844,933400
2017-09-14,145.0,145.1300048828125,143.9499969482422,144.10000610351562,131.19354248046875,1070400
2017-09-15,144.11000061035156,145.14999389648438,142.8699951171875,143.22000122070312,130.39231872558594,1534800
2017-09-18,143.77000427246094,145.08999633789062,143.4199981689453,143.83999633789062,130.956787109375,900700
2017-09-19,144.17999267578125,147.3800048828125,144.0,147.00999450683594,133.84288024902344,1968900
2017-09-20,147.35000610351562,147.89999389648438,144.08999633789062,145.69000244140625,132.64112854003906,1223400
2017-09-21,145.13999938964844,145.8000030517578,142.6999969482422,145.39999389648438,132.37705993652344,1361100
2017-09-22,144.91000366210938,146.08999633789062,144.60000610351562,144.91000366210938,131.93099975585938,1022800
2017-09-25,143.4600067138672,143.9600067138672,140.1999969482422,141.1300048828125,128.48956298828125,2193500
2017-09-26,142.3800048828125,145.0,141.7899932861328,144.6199951171875,131.66693115234375,1085700
2017-09-27,145.0,147.02000427246094,144.5800018310547,145.27999877929688,132.26783752441406,1348500
2017-09-28,145.39999389648438,146.1300048828125,144.1699981689453,144.3800048828125,131.4484405517578,1132800
2017-09-29,147.11000061035156,150.14999389648438,146.47000122070312,148.9199981689453,135.581787109375,3215000
2017-10-02,147.11000061035156,148.8699951171875,145.39999389648438,147.07000732421875,133.89752197265625,3006000
2017-10-03,147.6699981689453,148.22999572753906,146.36000061035156,147.08999633789062,133.91571044921875,1709000
2017-10-04,146.63999938964844,147.5800018310547,145.9499969482422,146.97000122070312,133.80645751953125,1525000
2017-10-05,147.5399932861328,150.39999389648438,146.80999755859375,146.9600067138672,133.79736328125,1718500
2017-10-06,144.67999267578125,145.8300018310547,142.32000732421875,143.94000244140625,131.0478515625,3339400
2017-10-09,142.39999389648438,144.2100067138672,139.1999969482422,143.3699951171875,130.52890014648438,2587500
2017-10-10,144.27999877929688,145.27999877929688,141.9499969482422,142.5399932861328,129.77325439453125,1503900
2017-10-11,142.02999877929688,144.19000244140625,142.00999450683594,143.27000427246094,130.43789672851562,870200
2017-10-12,143.55999755859375,145.89999389648438,140.11000061035156,140.75999450683594,128.1526641845703,2441900
2017-10-13,141.2899932861328,143.2100067138672,140.22999572753906,142.3300018310547,129.5821075439453,1450300
2017-10-16,143.92999267578125,148.13999938964844,143.7899932861328,146.80999755859375,133.66078186035156,2831200
2017-10-17,146.55999755859375,147.32000732421875,145.8000030517578,146.39999389648438,133.28749084472656,1005900
2017-10-18,146.1199951171875,146.8300018310547,144.50999450683594,145.3300018310547,132.31338500976562,1173000
2017-10-19,144.0,145.6300048828125,143.38999938964844,145.52999877929688,132.49545288085938,785200
2017-10-20,146.8000030517578,146.82000732421875,144.22000122070312,144.44000244140625,131.50308227539062,1063100
2017-10-23,144.39999389648438,146.72999572753906,144.39999389648438,144.75999450683594,131.79441833496094,1212700
2017-10-24,145.00999450683594,145.64999389648438,144.27999877929688,144.91000366210938,131.93099975585938,735400
2017-10-25,144.60000610351562,146.5500030517578,143.0,143.50999450683594,130.65634155273438,1705400
2017-10-26,145.52999877929688,146.10000610351562,142.72999572753906,145.33999633789062,132.3224639892578,2748100
2017-10-27,142.66000366210938,146.0,141.0500030517578,143.14999389648438,130.32862854003906,3037700
2017-10-30,142.5500030517578,142.75999450683594,140.3800048828125,141.2100067138672,128.56240844726562,1636000
2017-10-31,143.8800048828125,149.64999389648438,143.8800048828125,147.49000549316406,134.2799530029297,3938100
2017-11-01,152.3800048828125,153.55999755859375,149.8699951171875,151.5500030517578,137.97625732421875,3463900
2017-11-02,151.5500030517578,152.1300048828125,149.88999938964844,150.0500030517578,136.61061096191406,1357300
2017-11-03,149.5,151.02000427246094,149.10000610351562,150.08999633789062,136.64698791503906,1213700
2017-11-06,150.0500030517578,154.27999877929688,149.5500030517578,151.38999938964844,137.83058166503906,1772800
2017-11-07,152.85000610351562,153.4199981689453,150.74000549316406,152.19000244140625,138.5589141845703,1285900
2017-11-08,152.25,153.0,151.08999633789062,152.7899932861328,139.10520935058594,2153400
2017-11-09,151.9499969482422,154.08999633789062,151.24000549316406,153.58999633789062,139.8335723876953,1455300
2017-11-10,153.19000244140625,154.6699981689453,153.00999450683594,154.02999877929688,140.23411560058594,903900
2017-11-13,153.75,156.39999389648438,153.52000427246094,155.24000549316406,141.3357696533203,1282900
2017-11-14,154.5399932861328,155.27000427246094,152.27999877929688,153.60000610351562,139.84268188476562,1101200
2017-11-15,152.5,152.5,150.00999450683594,151.6199951171875,138.4907684326172,1191100
2017-11-16,152.0,154.3000030517578,151.80999755859375,153.1999969482422,139.93399047851562,1269900
2017-11-17,152.89999389648438,153.69000244140625,151.97999572753906,152.27999877929688,139.0936279296875,849600
2017-11-20,153.75,157.80999755859375,153.58999633789062,156.9600067138672,143.36846923828125,1771400
2017-11-21,156.9600067138672,158.72999572753906,156.69000244140625,158.57000732421875,144.83901977539062,916900
2017-11-22,158.52999877929688,159.5500030517578,157.72000122070312,158.69000244140625,144.9485626220703,962300
2017-11-24,158.5800018310547,159.99000549316406,158.39999389648438,159.4199981689453,145.6153564453125,436500
2017-11-27,158.6300048828125,160.0,158.1300048828125,158.49000549316406,144.7659149169922,945000
2017-11-28,158.6199951171875,159.6999969482422,157.02999877929688,157.5,143.86163330078125,1413400
2017-11-29,158.02000427246094,158.25,153.6699981689453,156.07000732421875,142.5554656982422,1630000
2017-11-30,155.67999267578125,158.82000732421875,153.00999450683594,158.0800018310547,144.3914337158203,1474500
2017-12-01,159.35000610351562,160.8000030517578,154.74000549316406,159.00999450683594,145.24087524414062,1803100
2017-12-04,159.97000122070312,160.35000610351562,155.44000244140625,158.07000732421875,144.3822784423828,1427100
2017-12-05,158.8300018310547,160.97000122070312,157.77000427246094,159.4499969482422,145.64279174804688,1473900
2017-12-06,157.60000610351562,160.19000244140625,157.0,157.85000610351562,144.18136596679688,1066500
2017-12-07,158.02000427246094,159.25999450683594,156.14999389648438,158.9199981689453,145.15869140625,1155700
2017-12-08,160.0,160.42999267578125,158.91000366210938,159.5399932861328,145.72500610351562,1066900
2017-12-11,163.2899932861328,165.22999572753906,162.75,164.25999450683594,150.03623962402344,2596700
2017-12-12,162.44000244140625,164.4600067138672,162.19000244140625,162.30999755859375,148.2550811767578,1610900
2017-12-13,163.8000030517578,166.6999969482422,163.33999633789062,164.85000610351562,150.5751953125,1355200
2017-12-14,165.75,166.7899932861328,164.57000732421875,165.0,150.712158203125,1161200
2017-12-15,166.38999938964844,166.38999938964844,164.35000610351562,166.02999877929688,151.6529998779297,1496300
2017-12-18,166.0,166.8300018310547,164.10000610351562,165.1300048828125,150.83094787597656,1450300
2017-12-19,165.9499969482422,166.63999938964844,165.2899932861328,166.13999938964844,151.7534942626953,1004900
2017-12-20,166.0,169.25,164.69000244140625,168.9499969482422,154.32015991210938,1480100
2017-12-21,169.8000030517578,170.0,168.25,168.50999450683594,153.9182586669922,1104300
2017-12-22,167.77000427246094,168.7100067138672,167.02000427246094,167.75,153.22406005859375,748600
2017-12-26,167.99000549316406,168.6999969482422,166.74000549316406,168.6199951171875,154.0187225341797,661100
2017-12-27,167.77999877929688,170.3000030517578,166.25999450683594,170.2100067138672,155.47105407714844,951600
2017-12-28,170.55999755859375,171.05999755859375,168.3000030517578,168.47999572753906,153.89085388183594,1073000
2017-12-29,168.4600067138672,168.8699951171875,166.67999267578125,168.58999633789062,153.9913330078125,1336300
2018-01-02,165.11000061035156,166.33999633789062,163.72000122070312,164.3000030517578,150.07278442382812,2581200
2018-01-03,165.0399932861328,165.38999938964844,160.55999755859375,162.52000427246094,148.4469451904297,3530900
2018-01-04,163.19000244140625,163.47999572753906,161.52999877929688,163.39999389648438,149.25071716308594,2708800
2018-01-05,164.47000122070312,166.25,163.1199951171875,164.49000549316406,150.24636840820312,2186600
2018-01-08,164.1199951171875,164.14999389648438,161.5,162.3000030517578,148.2460174560547,1803800
2018-01-09,162.89999389648438,163.77000427246094,162.08999633789062,163.39999389648438,149.25071716308594,2453600
2018-01-10,162.16000366210938,162.42999267578125,160.3800048828125,162.0,147.9719696044922,2296800
2018-01-11,162.0,163.38999938964844,160.97000122070312,162.5,148.4286651611328,2420700
2018-01-12,162.8300018310547,165.85000610351562,161.1199951171875,165.5399932861328,151.20541381835938,2680200
2018-01-16,170.60000610351562,172.6300048828125,167.44000244140625,168.72999572753906,154.11920166015625,3264400
2018-01-17,171.55999755859375,174.80999755859375,170.91000366210938,173.58999633789062,158.558349609375,2367100
2018-01-18,173.36000061035156,176.07000732421875,171.6699981689453,175.47999572753906,160.2847137451172,1847400
2018-01-19,176.75,179.86000061035156,176.47999572753906,179.63999938964844,164.08445739746094,1840800
2018-01-22,187.58999633789062,195.83999633789062,185.02000427246094,195.22999572753906,178.3245086669922,6777500
2018-01-23,196.94000244140625,201.69000244140625,194.58999633789062,194.9499969482422,178.0687255859375,4261800
2018-01-24,196.8800048828125,201.97000122070312,194.1999969482422,200.5800018310547,183.2112274169922,3248400
2018-01-25,200.75,203.6300048828125,198.16000366210938,200.60000610351562,183.22947692871094,3490700
2018-01-26,201.99000549316406,201.99000549316406,178.0399932861328,180.2899932861328,164.6781768798828,22145600
2018-01-29,171.02999877929688,171.83999633789062,162.33999633789062,163.47999572753906,149.32382202148438,25903500
2018-01-30,160.88999938964844,172.3000030517578,160.72000122070312,171.38999938964844,156.54884338378906,16494600
2018-01-31,173.27000427246094,176.97999572753906,162.60000610351562,165.58999633789062,151.2510528564453,11253100
2018-02-01,166.00999450683594,171.77999877929688,164.02999877929688,170.49000549316406,155.7268524169922,6416100
2018-02-02,167.9499969482422,173.0,166.0,166.55999755859375,152.13710021972656,5398800
2018-02-05,165.6199951171875,170.77999877929688,165.3000030517578,165.47999572753906,151.15065002441406,4916800
2018-02-06,163.5,167.66000366210938,162.24000549316406,163.22000122070312,149.0863494873047,3672700
2018-02-07,175.55999755859375,180.10000610351562,172.9499969482422,177.32000732421875,161.96536254882812,15719900
2018-02-08,178.1999969482422,179.1999969482422,169.14999389648438,169.27999877929688,154.62158203125,5312600
2018-02-09,168.64999389648438,168.74000549316406,160.88999938964844,166.22000122070312,151.8265380859375,5511100
2018-02-12,167.6199951171875,167.75999450683594,162.0,162.9199981689453,148.8123016357422,3427500
2018-02-13,163.0,165.5500030517578,162.49000549316406,164.66000366210938,150.401611328125,2122900
2018-02-14,163.50999450683594,165.3800048828125,162.5500030517578,164.16000366210938,150.401611328125,2116700
2018-02-15,164.5800018310547,166.2899932861328,161.8000030517578,164.00999450683594,150.26417541503906,2642400
2018-02-16,164.11000061035156,167.3800048828125,162.50999450683594,164.27999877929688,150.5115966796875,3451200
2018-02-20,163.8800048828125,166.9199981689453,163.27999877929688,164.9199981689453,151.097900390625,1915800
2018-02-21,164.69000244140625,169.0,164.5399932861328,166.36000061035156,152.417236328125,1962900
2018-02-22,166.38999938964844,167.6699981689453,162.07000732421875,164.19000244140625,150.42913818359375,2533400
2018-02-23,165.0,167.39999389648438,164.11000061035156,167.1300048828125,153.12271118164062,1904900
2018-02-26,168.07000732421875,169.72000122070312,167.2100067138672,169.0,154.8359832763672,1776300
2018-02-27,169.4199981689453,169.64999389648438,166.50999450683594,168.75,154.60691833496094,2023200
2018-02-28,168.74000549316406,169.9499969482422,166.8300018310547,167.5,153.46170043945312,2578000
2018-03-01,168.25,168.4600067138672,163.25999450683594,163.4199981689453,149.72364807128906,2561500
2018-03-02,161.77999877929688,163.5,156.5399932861328,163.05999755859375,149.39382934570312,4147600
2018-03-05,161.3300018310547,166.72000122070312,158.66000366210938,165.05999755859375,151.22616577148438,2803600
2018-03-06,166.6300048828125,167.3000030517578,164.00999450683594,166.77999877929688,152.80201721191406,1257600
2018-03-07,165.1199951171875,169.22999572753906,164.6199951171875,168.41000366210938,154.29544067382812,1551900
2018-03-08,173.24000549316406,180.52000427246094,171.60000610351562,179.11000061035156,164.09869384765625,6348200
2018-03-09,189.22000122070312,192.75,184.41000366210938,188.88999938964844,173.05902099609375,9408500
2018-03-12,189.2100067138672,192.32000732421875,188.17999267578125,191.7899932861328,175.7158966064453,4959100
2018-03-13,189.2100067138672,192.32000732421875,184.7100067138672,185.41000366210938,169.87066650390625,3765900
2018-03-14,185.9199981689453,187.2899932861328,183.6699981689453,185.22000122070312,169.6965789794922,2012700
2018-03-15,185.0,187.63999938964844,184.6999969482422,186.2100067138672,170.60357666015625,1543000
2018-03-16,186.77999877929688,187.1199951171875,183.86000061035156,184.75999450683594,169.275146484375,2031200
2018-03-19,183.6999969482422,183.6999969482422,180.30999755859375,181.6199951171875,166.39828491210938,1467300
2018-03-20,181.6199951171875,185.8000030517578,181.02000427246094,184.19000244140625,168.7529296875,1737000
2018-03-21,183.0399932861328,183.0399932861328,178.58999633789062,178.9199981689453,163.92457580566406,5681200
2018-03-22,176.67999267578125,179.24000549316406,174.05999755859375,175.5399932861328,160.82785034179688,3736200
2018-03-23,182.27999877929688,183.91000366210938,174.4199981689453,175.8800048828125,161.13937377929688,5924200
2018-03-26,177.88999938964844,179.3000030517578,173.83999633789062,177.0,162.1654815673828,2512500
2018-03-27,179.14999389648438,183.1999969482422,176.60000610351562,177.72999572753906,162.8343048095703,2953800
2018-03-28,176.94000244140625,177.42999267578125,173.05999755859375,176.0399932861328,161.28598022460938,2262600
2018-03-29,177.57000732421875,182.89999389648438,177.1300048828125,182.36000061035156,167.07623291015625,3300700
2018-04-02,184.77999877929688,186.2899932861328,178.9499969482422,181.0,165.83026123046875,2561200
2018-04-03,183.0500030517578,183.5,177.36000061035156,180.3000030517578,165.18893432617188,2018900
2018-04-04,177.08999633789062,179.97000122070312,175.75999450683594,179.5800018310547,164.52928161621094,2022200
2018-04-05,180.33999633789062,183.1699981689453,178.8000030517578,181.24000549316406,166.05015563964844,1619600
2018-04-06,183.0500030517578,184.64999389648438,176.82000732421875,178.49000549316406,163.53062438964844,2809600
2018-04-09,179.0,182.07000732421875,177.02999877929688,180.3800048828125,165.26226806640625,1896900
2018-04-10,183.0,184.13999938964844,181.52000427246094,183.27999877929688,167.91917419433594,1978600
2018-04-11,182.1699981689453,183.49000549316406,179.6300048828125,179.8300018310547,164.75833129882812,1180900
2018-04-12,180.85000610351562,188.0,180.2100067138672,186.63999938964844,170.99761962890625,3135900
2018-04-13,187.4199981689453,187.83999633789062,182.64999389648438,183.80999755859375,168.40475463867188,1477500
2018-04-16,184.49000549316406,188.75999450683594,182.3800048828125,188.6999969482422,172.88491821289062,1887900
2018-04-17,190.0399932861328,191.7899932861328,188.6999969482422,190.64999389648438,174.6715087890625,2068600
2018-04-18,191.4499969482422,194.3000030517578,190.77999877929688,192.91000366210938,176.74205017089844,1847200
2018-04-19,193.6300048828125,194.19000244140625,190.33999633789062,191.64999389648438,175.5876922607422,1845400
2018-04-20,191.14999389648438,193.11000061035156,190.17999267578125,192.50999450683594,176.37559509277344,1902800
2018-04-23,193.00999450683594,194.05999755859375,189.57000732421875,193.24000549316406,177.04446411132812,1777300
2018-04-24,193.74000549316406,194.66000366210938,186.88999938964844,190.0,174.07595825195312,3979400
2018-04-25,185.1699981689453,186.47000122070312,179.22000122070312,182.88999938964844,167.5618896484375,4413700
2018-04-26,183.22999572753906,184.6999969482422,180.0500030517578,184.25999450683594,168.81700134277344,2336800
2018-04-27,185.30999755859375,187.6300048828125,183.47000122070312,185.11000061035156,169.59579467773438,2057700
2018-04-30,185.97999572753906,188.32000732421875,185.16000366210938,186.19000244140625,170.58526611328125,2299100
2018-05-01,188.42999267578125,192.4499969482422,188.02000427246094,191.85000610351562,175.7709503173828,2864400
2018-05-02,191.22999572753906,193.42999267578125,189.32000732421875,191.02999877929688,175.01962280273438,1816000
2018-05-03,190.7899932861328,192.3000030517578,188.22999572753906,191.6199951171875,175.56021118164062,1781300
2018-05-04,190.5399932861328,195.32000732421875,190.36000061035156,192.41000366210938,176.2839813232422,2311900
2018-05-07,192.83999633789062,193.47000122070312,190.1199951171875,191.91000366210938,175.82589721679688,1936000
2018-05-08,191.58999633789062,193.19000244140625,190.9499969482422,191.75,175.67929077148438,1261600
2018-05-09,191.47999572753906,199.25999450683594,190.5,199.2100067138672,182.5140838623047,3152400
2018-05-10,199.75,202.47999572753906,196.80999755859375,201.50999450683594,184.62127685546875,2749300
2018-05-11,201.00999450683594,201.49000549316406,195.25999450683594,195.64999389648438,179.25247192382812,1899800
2018-05-14,195.44000244140625,196.47000122070312,190.94000244140625,191.6300048828125,175.56932067871094,2624900
2018-05-15,191.61000061035156,192.27000427246094,188.3800048828125,190.9199981689453,174.91883850097656,1883100
2018-05-16,190.16000366210938,193.5800018310547,189.4499969482422,192.50999450683594,177.07118225097656,1672900
2018-05-17,192.75,194.36000061035156,189.24000549316406,189.97999572753906,174.74412536621094,1721500
2018-05-18,189.77000427246094,192.0500030517578,187.97000122070312,189.02999877929688,173.87025451660156,1319400
2018-05-21,192.2899932861328,196.38999938964844,191.80999755859375,194.17999267578125,178.60726928710938,2492900
2018-05-22,194.24000549316406,195.0,192.17999267578125,193.8800048828125,178.33135986328125,1195100
2018-05-23,192.69000244140625,194.74000549316406,191.9499969482422,194.61000061035156,179.00277709960938,1247100
2018-05-24,194.67999267578125,195.13999938964844,193.4600067138672,193.64999389648438,178.1197967529297,814900
2018-05-25,193.52000427246094,195.25,192.6999969482422,194.2100067138672,178.63487243652344,1166500
2018-05-29,192.2899932861328,194.4499969482422,191.07000732421875,193.38999938964844,177.880615234375,1048100
2018-05-30,194.0500030517578,196.3000030517578,193.52000427246094,195.6699981689453,179.977783203125,1301800
2018-05-31,195.9199981689453,197.67999267578125,193.11000061035156,196.00999450683594,180.29054260253906,2240500
2018-06-01,193.0,194.0800018310547,187.4199981689453,192.5,177.06201171875,3732500
2018-06-04,191.80999755859375,192.47999572753906,181.16000366210938,182.8300018310547,168.16748046875,5783500
2018-06-05,182.49000549316406,184.42999267578125,174.92999267578125,176.8800048828125,162.69468688964844,7194500
2018-06-06,178.11000061035156,180.2100067138672,174.61000061035156,179.50999450683594,165.11376953125,5006900
2018-06-07,179.2100067138672,179.75,175.74000549316406,176.25,162.11520385742188,2686100
2018-06-08,176.63999938964844,179.88999938964844,176.25,178.1199951171875,163.83523559570312,2434200
2018-06-11,179.44000244140625,183.3699951171875,179.05999755859375,180.82000732421875,166.3187255859375,3906600
2018-06-12,182.10000610351562,183.14999389648438,179.1999969482422,179.38999938964844,165.00338745117188,2898300
2018-06-13,179.67999267578125,179.8800048828125,176.0500030517578,176.4199981689453,162.2715606689453,3365500
2018-06-14,176.89999389648438,177.3800048828125,175.00999450683594,176.25,162.11520385742188,2440700
2018-06-15,174.1999969482422,174.82000732421875,172.27000427246094,173.30999755859375,159.41099548339844,3246000
2018-06-18,172.2100067138672,176.02999877929688,172.13999938964844,175.08999633789062,161.0482635498047,2412500
2018-06-19,172.8000030517578,175.3699951171875,171.82000732421875,172.4199981689453,158.5923614501953,2795600
2018-06-20,174.2100067138672,176.72999572753906,173.8800048828125,174.44000244140625,160.4503631591797,2128200
2018-06-21,173.80999755859375,174.5,171.27999877929688,172.0,158.20606994628906,1898800
2018-06-22,172.55999755859375,172.99000549316406,169.77000427246094,170.13999938964844,156.49520874023438,3024300
2018-06-25,168.5,170.72000122070312,165.52000427246094,166.5399932861328,153.18389892578125,2734100
2018-06-26,166.6300048828125,168.3300018310547,165.4499969482422,167.1999969482422,153.791015625,1884800
2018-06-27,166.6999969482422,169.2899932861328,163.80999755859375,163.91000366210938,150.76487731933594,2067900
2018-06-28,163.19000244140625,165.00999450683594,162.02000427246094,164.00999450683594,150.8568115234375,1401200
2018-06-29,164.67999267578125,168.36000061035156,164.22999572753906,167.33999633789062,153.91978454589844,3256400
2018-07-02,159.27000427246094,159.99000549316406,151.83999633789062,154.13999938964844,141.77838134765625,6755000
2018-07-03,154.61000061035156,155.4499969482422,152.00999450683594,152.1699981689453,139.96636962890625,2227700
2018-07-05,152.2899932861328,154.91000366210938,151.02000427246094,154.83999633789062,142.42222595214844,2626100
2018-07-06,155.08999633789062,157.0800018310547,154.19000244140625,156.86000061035156,144.28024291992188,2048800
2018-07-09,160.4199981689453,162.22000122070312,159.77000427246094,160.1300048828125,147.28799438476562,4568900
2018-07-10,162.1999969482422,166.22999572753906,161.6300048828125,165.3800048828125,152.11695861816406,4051000
2018-07-11,162.50999450683594,162.7899932861328,160.9600067138672,161.19000244140625,148.2629852294922,2950900
2018-07-12,162.58999633789062,164.7899932861328,161.8000030517578,164.52999877929688,151.33511352539062,1785200
2018-07-13,164.16000366210938,165.83999633789062,162.64999389648438,165.24000549316406,151.98822021484375,1452100
2018-07-16,165.5,166.77000427246094,164.47999572753906,166.02999877929688,152.71482849121094,1373900
2018-07-17,164.64999389648438,165.52000427246094,162.13999938964844,164.9600067138672,151.73065185546875,1607800
2018-07-18,165.0399932861328,165.2899932861328,162.8800048828125,164.9499969482422,151.72145080566406,1704600
2018-07-19,164.0,165.0,163.27000427246094,163.57000732421875,150.45213317871094,1258000
2018-07-20,163.55999755859375,164.6999969482422,163.11000061035156,163.9199981689453,150.77401733398438,1348400
2018-07-23,163.5500030517578,164.63999938964844,162.07000732421875,163.74000549316406,150.6084747314453,1657000
2018-07-24,165.0,167.2100067138672,163.0800018310547,163.55999755859375,150.44293212890625,2888200
2018-07-25,163.77000427246094,165.9600067138672,163.2899932861328,165.8000030517578,152.50328063964844,1731500
2018-07-26,164.25,165.55999755859375,161.58999633789062,165.25999450683594,152.006591796875,2220400
2018-07-27,165.0399932861328,167.2899932861328,161.7899932861328,163.38999938964844,150.2865753173828,1511800
2018-07-30,163.02999877929688,163.83999633789062,161.52999877929688,161.82000732421875,148.8424835205078,1834900
2018-07-31,162.02999877929688,167.58999633789062,162.02999877929688,166.77999877929688,153.4046630859375,1955700
2018-08-01,166.52000427246094,166.99000549316406,158.60000610351562,159.99000549316406,147.15921020507812,4672000
2018-08-02,153.47000122070312,155.0,147.17999267578125,149.5399932861328,137.5473175048828,7324500
2018-08-03,149.0,150.3800048828125,146.25999450683594,149.19000244140625,137.225341796875,3543800
2018-08-06,149.17999267578125,153.36000061035156,148.8699951171875,152.9499969482422,140.6837921142578,2117900
2018-08-07,152.5500030517578,154.38999938964844,151.50999450683594,153.2899932861328,140.9965362548828,1587600
2018-08-08,153.27999877929688,156.75,152.36000061035156,153.88999938964844,141.54843139648438,2226400
2018-08-09,154.19000244140625,154.91000366210938,151.9600067138672,152.32000732421875,140.1043243408203,1917800
2018-08-10,150.97999572753906,150.97999572753906,147.66000366210938,148.52000427246094,136.60911560058594,3951400
2018-08-13,147.99000549316406,149.80999755859375,147.3800048828125,148.0,136.13079833984375,2079500
2018-08-14,146.33999633789062,146.92999267578125,143.42999267578125,143.8699951171875,132.33201599121094,4039400
2018-08-15,142.25,142.44000244140625,138.10000610351562,138.1699981689453,127.75513458251953,3872100
2018-08-16,139.64999389648438,141.44000244140625,139.07000732421875,139.60000610351562,129.0773162841797,2550800
2018-08-17,139.41000366210938,142.9600067138672,139.3800048828125,142.3300018310547,131.6015625,1797200
2018-08-20,144.97999572753906,146.25,143.47999572753906,145.77999877929688,134.79150390625,2467900
2018-08-21,146.32000732421875,146.85000610351562,144.77000427246094,145.3300018310547,134.37539672851562,1818100
2018-08-22,145.25,145.66000366210938,144.1699981689453,145.0500030517578,134.11651611328125,1142800
2018-08-23,145.0,148.47000122070312,144.8000030517578,145.13999938964844,134.1997528076172,2257500
2018-08-24,145.3699951171875,146.0,145.0,145.89999389648438,134.90243530273438,1438700
2018-08-27,147.36000061035156,151.92999267578125,147.36000061035156,148.72999572753906,137.51914978027344,2752300
2018-08-28,148.82000732421875,149.60000610351562,147.05999755859375,147.9600067138672,136.8072052001953,1193800
2018-08-29,148.08999633789062,149.32000732421875,146.5800018310547,148.75999450683594,137.54689025878906,1842600
2018-08-30,148.88999938964844,149.24000549316406,147.52999877929688,148.52999877929688,137.334228515625,1722600
2018-08-31,148.1199951171875,150.5800018310547,146.00999450683594,148.33999633789062,137.15853881835938,2956500
2018-09-04,147.72000122070312,148.11000061035156,142.27999877929688,143.02999877929688,132.24880981445312,2751400
2018-09-05,142.1300048828125,142.24000549316406,139.8800048828125,140.3699951171875,129.78927612304688,2164200
2018-09-06,139.75,139.7899932861328,127.33000183105469,127.8499984741211,118.21299743652344,6215600
2018-09-07,127.11000061035156,130.5,126.95999908447266,128.3800048828125,118.70307922363281,3230900
2018-09-10,129.6699981689453,134.55999755859375,129.2899932861328,134.1999969482422,124.08434295654297,4579500
2018-09-11,131.75,133.99000549316406,129.82000732421875,133.49000549316406,123.42790985107422,4106800
2018-09-12,131.5399932861328,135.47000122070312,131.39999389648438,134.94000244140625,124.76859283447266,3096300
2018-09-13,136.0800018310547,138.10000610351562,133.1999969482422,135.17999267578125,124.990478515625,2047200
2018-09-14,137.8800048828125,139.0,134.72999572753906,135.27999877929688,125.08295440673828,2257400
2018-09-17,134.99000549316406,135.5800018310547,132.19000244140625,132.4499969482422,122.4662857055664,1461100
2018-09-18,133.0800018310547,133.5500030517578,131.0,132.97000122070312,122.94707489013672,1417200
2018-09-19,133.88999938964844,137.4499969482422,133.39999389648438,135.72999572753906,125.4990234375,1963700
2018-09-20,136.6199951171875,138.77000427246094,136.39999389648438,137.30999755859375,126.9599380493164,2605100
2018-09-21,138.5,138.9499969482422,136.49000549316406,136.72999572753906,126.42367553710938,5336900
2018-09-24,135.0399932861328,136.0,132.41000366210938,132.97999572753906,122.95632934570312,2487000
2018-09-25,133.17999267578125,134.55999755859375,132.33999633789062,133.94000244140625,123.84395599365234,1650700
2018-09-26,133.0,134.0800018310547,131.4199981689453,131.6699981689453,121.74506378173828,2967700
2018-09-27,131.05999755859375,131.17999267578125,128.66000366210938,128.94000244140625,119.2208480834961,2576800
2018-09-28,128.80999755859375,129.47000122070312,126.77999877929688,127.05999755859375,117.48255920410156,2657700
2018-10-01,126.9000015258789,127.38999938964844,123.02999877929688,125.29000091552734,115.84597778320312,3494500
2018-10-02,125.4800033569336,126.69000244140625,123.3499984741211,123.80999755859375,114.47753143310547,2037700
2018-10-03,125.05000305175781,129.3300018310547,124.72000122070312,127.13999938964844,117.55653381347656,2406300
2018-10-04,127.44999694824219,127.80999755859375,122.37999725341797,123.44000244140625,114.13543701171875,2145100
2018-10-05,124.0,125.2300033569336,118.06999969482422,120.62999725341797,111.53723907470703,3370800
2018-10-08,118.41000366210938,119.30000305175781,114.45999908447266,116.2699966430664,107.5058822631836,3584500
2018-10-09,115.87999725341797,119.58000183105469,115.5999984741211,118.95999908447266,109.99311065673828,2643200
2018-10-10,119.1500015258789,121.0999984741211,114.94999694824219,115.11000061035156,106.43329620361328,2442000
2018-10-11,114.33999633789062,118.94999694824219,114.0999984741211,116.22000122070312,107.45965576171875,3319400
2018-10-12,119.41999816894531,120.5,115.05000305175781,116.58000183105469,107.79251861572266,2366100
2018-10-15,115.79000091552734,116.33000183105469,113.30999755859375,114.66999816894531,106.0264892578125,2116800
2018-10-16,116.33000183105469,118.36000061035156,114.7699966430664,117.83000183105469,108.94829559326172,1720200
2018-10-17,118.5,120.62000274658203,115.80000305175781,118.29000091552734,109.37360382080078,1954800
2018-10-18,118.05000305175781,118.27999877929688,113.5,113.87000274658203,105.28678131103516,1661600
2018-10-19,114.29000091552734,116.05000305175781,109.9000015258789,110.19999694824219,101.89341735839844,2777100
2018-10-22,111.41999816894531,112.0,107.95999908447266,108.69999694824219,100.50650024414062,2295300
2018-10-23,104.8499984741211,104.9000015258789,100.23999786376953,102.69000244140625,94.94950866699219,4342400
2018-10-24,103.9800033569336,104.16000366210938,98.95999908447266,99.41999816894531,91.92597961425781,3371400
2018-10-25,100.11000061035156,103.77999877929688,99.12000274658203,103.22000122070312,95.43954467773438,2726900
2018-10-26,100.62999725341797,103.04000091552734,97.23999786376953,100.51000213623047,92.93380737304688,2901000
2018-10-29,102.0,102.27999877929688,92.5,94.18000030517578,87.08097076416016,3158300
2018-10-30,93.73999786376953,97.9800033569336,92.7699966430664,97.5999984741211,90.24317169189453,3327400
2018-10-31,99.4000015258789,102.4000015258789,98.86000061035156,100.5999984741211,93.01703643798828,3323200
2018-11-01,101.41000366210938,114.23999786376953,101.11000061035156,112.62999725341797,104.14024353027344,6067500
2018-11-02,112.93000030517578,114.19999694824219,108.83999633789062,111.69000244140625,103.27111053466797,3883300
2018-11-05,111.25,112.31999969482422,107.48999786376953,109.30000305175781,101.06126403808594,2213300
2018-11-06,109.43000030517578,111.29000091552734,107.66999816894531,109.69000244140625,101.42186737060547,1523300
2018-11-07,111.75,114.31999969482422,109.97000122070312,113.98999786376953,105.39774322509766,5263100
2018-11-08,98.25,102.52999877929688,97.25,99.0199966430664,91.55613708496094,13478400
2018-11-09,98.51000213623047,101.37000274658203,96.0,98.31999969482422,90.90888977050781,5228400
2018-11-12,97.79000091552734,101.72000122070312,97.69999694824219,99.5,91.99994659423828,3008000
2018-11-13,100.20999908447266,104.0999984741211,100.13999938964844,101.98999786376953,94.30226135253906,3090700
2018-11-14,103.08999633789062,105.73999786376953,102.08999633789062,103.23999786376953,95.45805358886719,2463600
2018-11-15,104.81999969482422,107.51000213623047,102.45999908447266,106.4000015258789,98.37984466552734,2971200
2018-11-16,105.97000122070312,108.08000183105469,105.0199966430664,107.76000213623047,99.63735961914062,2617700
2018-11-19,108.05000305175781,109.25,103.22000122070312,104.22000122070312,96.36416625976562,2223500
2018-11-20,100.38999938964844,101.83999633789062,99.41000366210938,100.94999694824219,94.0172348022461,3958700
2018-11-21,102.58000183105469,107.7699966430664,102.55000305175781,105.7300033569336,98.4689712524414,1997600
2018-11-23,104.7300033569336,106.0,103.1500015258789,104.33000183105469,97.16512298583984,714100
2018-11-26,108.20999908447266,112.19999694824219,107.93000030517578,111.5199966430664,103.8613510131836,2741800
2018-11-27,110.18000030517578,113.05000305175781,108.16000366210938,112.83000183105469,105.08137512207031,2983300
2018-11-28,114.2699966430664,114.83000183105469,109.4000015258789,112.80000305175781,105.05345153808594,3476000
2018-11-29,111.25,111.33000183105469,106.45999908447266,108.12000274658203,100.6948471069336,3468900
2018-11-30,107.5,109.69000244140625,106.62999725341797,109.4000015258789,101.8869400024414,3025700
2018-12-03,117.97000122070312,122.0,117.62000274658203,119.79000091552734,111.56338500976562,5976800
2018-12-04,118.45999908447266,118.75,110.1500015258789,110.36000061035156,102.781005859375,4552700
2018-12-06,107.52999877929688,112.58999633789062,104.18000030517578,112.41000366210938,104.69021606445312,3641100
2018-12-07,110.91000366210938,113.91000366210938,104.05999755859375,104.98999786376953,97.77976989746094,3357000
2018-12-10,105.95999908447266,109.87999725341797,104.23999786376953,106.23999786376953,98.94396209716797,2926300
2018-12-11,109.87000274658203,110.58999633789062,104.66000366210938,105.54000091552734,98.2920150756836,2355900
2018-12-12,107.5,111.1500015258789,107.5,109.4000015258789,101.8869400024414,2494300
2018-12-13,110.29000091552734,111.27999877929688,106.93000030517578,108.11000061035156,100.68553161621094,2781900
2018-12-14,105.80999755859375,109.16999816894531,105.69999694824219,106.69999694824219,99.37236022949219,2032900
2018-12-17,106.70999908447266,109.4800033569336,103.30000305175781,104.4800033569336,97.30481719970703,2964100
2018-12-18,105.12000274658203,107.0199966430664,101.29000091552734,103.08999633789062,96.01024627685547,3253700
2018-12-19,103.05999755859375,105.38999938964844,97.0,98.38999938964844,91.633056640625,3341700
2018-12-20,97.88999938964844,100.75,96.13999938964844,97.80000305175781,91.08358001708984,2876000
2018-12-21,97.55000305175781,100.02999877929688,92.86000061035156,93.41000366210938,86.99504852294922,4350000
2018-12-24,92.4000015258789,94.04000091552734,90.05999755859375,92.01000213623047,85.69120025634766,2225000
2018-12-26,92.66999816894531,99.38999938964844,91.23999786376953,99.2300033569336,92.41537475585938,3506200
2018-12-27,96.54000091552734,98.16000366210938,92.31999969482422,98.12000274658203,91.38158416748047,4229900
2018-12-28,98.55999755859375,100.38999938964844,96.27999877929688,97.23999786376953,90.56201934814453,2316100
2018-12-31,97.98999786376953,100.5,96.58000183105469,98.91000366210938,92.11734771728516,2609800
2019-01-02,96.19999694824219,106.30999755859375,95.61000061035156,104.4000015258789,97.23030853271484,4174400
2019-01-03,102.80000305175781,105.44000244140625,102.13999938964844,103.38999938964844,96.2896728515625,2885100
2019-01-04,105.81999969482422,108.5,104.4800033569336,107.55999755859375,100.17329406738281,3007200
2019-01-07,107.0999984741211,110.54000091552734,105.80000305175781,109.47000122070312,101.95213317871094,3143800
2019-01-08,111.26000213623047,113.33999633789062,108.54000091552734,112.9000015258789,105.1465835571289,2255700
2019-01-09,113.94999694824219,115.98999786376953,113.41999816894531,114.37000274658203,106.51561737060547,2193000
2019-01-10,113.41999816894531,114.48999786376953,110.68000030517578,111.4000015258789,103.74958038330078,2465400
2019-01-11,110.63999938964844,113.79000091552734,109.58000183105469,113.55000305175781,105.7519302368164,1806000
2019-01-14,110.27999877929688,110.38999938964844,107.33000183105469,108.0999984741211,100.67620849609375,3692200
2019-01-15,108.8499984741211,110.25,106.91000366210938,107.7699966430664,100.36886596679688,2516900
2019-01-16,108.33000183105469,114.1500015258789,108.25,111.5,103.84271240234375,2316600
2019-01-17,110.80000305175781,115.16999816894531,110.5199966430664,114.2699966430664,106.4224853515625,2545800
2019-01-18,115.66000366210938,116.72000122070312,113.72000122070312,115.18000030517578,107.26998901367188,2714200
2019-01-22,113.54000091552734,114.5,109.05000305175781,111.95999908447266,104.27112579345703,2014200
2019-01-23,112.44999694824219,113.80999755859375,111.08999633789062,113.05000305175781,105.2862777709961,1807500
2019-01-24,112.63999938964844,116.13999938964844,112.06999969482422,114.41000366210938,106.55286407470703,1792000
2019-01-25,115.73999786376953,118.98999786376953,115.29000091552734,118.52999877929688,110.38992309570312,2043900
2019-01-28,116.95999908447266,118.9800033569336,115.0,118.16999816894531,110.0546646118164,2271400
2019-01-29,117.5,118.22000122070312,116.08000183105469,116.68000030517578,108.66696166992188,1689800
2019-01-30,118.0199966430664,121.47000122070312,117.3499984741211,120.4800033569336,112.20601654052734,3583900
2019-01-31,124.04000091552734,127.18000030517578,121.01000213623047,123.01000213623047,114.56224822998047,3719800
2019-02-01,122.91999816894531,127.51000213623047,122.86000061035156,126.06999969482422,117.41211700439453,2990800
2019-02-04,125.93000030517578,126.7300033569336,123.7699966430664,124.38999938964844,115.84748840332031,1210900
2019-02-05,124.81999969482422,128.4600067138672,124.61000061035156,127.2300033569336,118.49246215820312,1946600
2019-02-06,127.0,131.5,126.55999755859375,131.4499969482422,122.42263793945312,2418700
2019-02-07,130.14999389648438,130.5,125.11000061035156,126.87999725341797,118.1664810180664,2345600
2019-02-08,125.33000183105469,126.33999633789062,123.88999938964844,125.20999908447266,116.61117553710938,2181200
2019-02-11,125.62999725341797,126.18000030517578,123.0199966430664,125.0,116.41559600830078,1314000
2019-02-12,125.38999938964844,127.7699966430664,125.19000244140625,126.12999725341797,117.46800231933594,1924200
2019-02-13,126.56999969482422,128.1199951171875,126.51000213623047,127.55000305175781,118.79049682617188,1099800
2019-02-14,124.4000015258789,124.6500015258789,119.26000213623047,123.43000030517578,115.63334655761719,2837900
2019-02-15,122.83000183105469,125.0,121.58000183105469,124.51000213623047,116.6451416015625,2477900
2019-02-19,125.2699966430664,128.92999267578125,124.87999725341797,128.36000061035156,120.2519302368164,1732500
2019-02-20,128.35000610351562,129.42999267578125,128.07000732421875,129.17999267578125,121.02013397216797,2036300
2019-02-21,129.33999633789062,130.11000061035156,126.54000091552734,129.6300048828125,121.44171142578125,2071500
2019-02-22,130.11000061035156,131.8699951171875,129.47999572753906,131.75,123.42780303955078,2904700
2019-02-25,133.33999633789062,133.72999572753906,129.0800018310547,129.1999969482422,121.03887176513672,1944400
2019-02-26,128.72000122070312,130.66000366210938,128.38999938964844,130.4499969482422,122.20992279052734,1643900
2019-02-27,130.1300048828125,130.69000244140625,127.4800033569336,127.70999908447266,119.64300537109375,1700000
2019-02-28,127.54000091552734,128.1300048828125,125.75,126.54000091552734,118.5468978881836,1943900
2019-03-01,128.0,128.41000366210938,124.25,125.12000274658203,117.21659851074219,2215300
2019-03-04,125.75,127.2699966430664,124.31999969482422,125.56999969482422,117.63816833496094,1869800
2019-03-05,125.91000366210938,125.91000366210938,123.12999725341797,124.13999938964844,116.29850006103516,1389100
2019-03-06,124.88999938964844,126.72000122070312,123.5,123.55000305175781,115.74577331542969,1452900
2019-03-07,123.1500015258789,123.23999786376953,117.91000366210938,118.66999816894531,111.17401885986328,2331700
2019-03-08,117.16000366210938,119.75,116.30999755859375,119.58999633789062,112.0359115600586,1242500
2019-03-11,120.12000274658203,121.22000122070312,118.66000366210938,119.37000274658203,111.82979583740234,1293200
2019-03-12,120.16999816894531,120.52999877929688,116.72000122070312,117.3499984741211,109.93739318847656,1839100
2019-03-13,117.56999969482422,118.87000274658203,116.80999755859375,116.98999786376953,109.60015106201172,1185500
2019-03-14,117.05000305175781,117.33999633789062,114.72000122070312,115.63999938964844,108.33541870117188,1591800
2019-03-15,117.0999984741211,118.0199966430664,115.66999816894531,115.79000091552734,108.47593688964844,2201800
2019-03-18,115.79000091552734,116.81999969482422,114.5,116.1500015258789,108.81319427490234,1749700
2019-03-19,116.86000061035156,118.69999694824219,116.2699966430664,117.81999969482422,110.3777084350586,1476400
2019-03-20,117.30000305175781,119.0,116.4000015258789,118.13999938964844,110.677490234375,1798500
2019-03-21,117.88999938964844,121.93000030517578,117.23999786376953,121.13999938964844,113.48799896240234,1465400
2019-03-22,120.01000213623047,120.26000213623047,116.04000091552734,116.91000366210938,109.52519989013672,1706800
2019-03-25,116.33999633789062,118.25,114.94999694824219,116.44999694824219,109.09424591064453,1262600
2019-03-26,116.62999725341797,118.5,116.12999725341797,117.36000061035156,109.94676208496094,944000
2019-03-27,117.43000030517578,118.0999984741211,115.0999984741211,116.55999755859375,109.19730377197266,1425700
2019-03-28,116.37999725341797,119.20999908447266,116.3499984741211,117.62000274658203,110.19036102294922,1130300
2019-03-29,118.44999694824219,120.95999908447266,118.0999984741211,119.31999969482422,111.78297424316406,2359700
2019-04-01,124.0,129.5,123.9000015258789,129.33999633789062,121.17001342773438,4497300
2019-04-02,129.74000549316406,136.44000244140625,127.54000091552734,135.02999877929688,126.50064849853516,5559100
2019-04-03,136.0,140.64999389648438,135.00999450683594,137.6300048828125,128.9364013671875,4216100
2019-04-04,138.14999389648438,140.97000122070312,136.80999755859375,139.6699981689453,130.84756469726562,2684500
2019-04-05,140.0,141.2899932861328,138.60000610351562,140.94000244140625,132.03729248046875,1856900
2019-04-08,145.30999755859375,145.94000244140625,142.6300048828125,144.85000610351562,135.70033264160156,3477600
2019-04-09,142.75,142.99000549316406,138.10000610351562,139.25999450683594,130.46339416503906,3139400
2019-04-10,139.82000732421875,141.1199951171875,138.9600067138672,141.0,132.093505859375,1371400
2019-04-11,140.9600067138672,141.47000122070312,139.27999877929688,141.02000427246094,132.11224365234375,1767900
2019-04-12,142.0,143.89999389648438,141.10000610351562,143.77999877929688,134.69790649414062,2177600
2019-04-15,143.33999633789062,143.9499969482422,139.5399932861328,141.82000732421875,132.86172485351562,2006400
2019-04-16,142.1999969482422,144.97999572753906,141.80999755859375,144.72000122070312,135.5784912109375,1579900
2019-04-17,145.0,145.88999938964844,143.16000366210938,143.36000061035156,134.304443359375,1690900
2019-04-18,143.9499969482422,144.67999267578125,141.38999938964844,142.44000244140625,133.4425506591797,1832200
2019-04-22,141.86000061035156,142.0399932861328,138.27000427246094,140.0,131.1566925048828,1579800
2019-04-23,140.22999572753906,143.05999755859375,139.0500030517578,142.89999389648438,133.8734893798828,1847100
2019-04-24,142.8800048828125,144.83999633789062,141.94000244140625,144.39999389648438,135.27871704101562,1361600
2019-04-25,146.5800018310547,147.89999389648438,144.35000610351562,147.0,137.71453857421875,1949000
2019-04-26,148.0,150.6699981689453,147.50999450683594,149.3000030517578,139.86923217773438,1634800
2019-04-29,151.36000061035156,151.5,148.25,148.77000427246094,139.37269592285156,1332100
2019-04-30,146.6300048828125,147.3300018310547,143.24000549316406,144.4499969482422,135.32559204101562,2531300
2019-05-01,148.7899932861328,150.2100067138672,145.86000061035156,146.13999938964844,136.9088592529297,2487900
2019-05-02,145.74000549316406,147.5,143.41000366210938,145.55999755859375,136.36549377441406,1239700
2019-05-03,146.19000244140625,148.0,145.55999755859375,147.36000061035156,138.0517578125,1100900
2019-05-06,142.07000732421875,142.39999389648438,138.3699951171875,141.36000061035156,132.43077087402344,2601200
2019-05-07,139.72999572753906,141.0,133.63999938964844,135.6999969482422,127.12831115722656,2850500
2019-05-08,135.66000366210938,139.4199981689453,135.10000610351562,135.9600067138672,127.37187194824219,2348900
2019-05-09,135.02999877929688,136.75,130.97000122070312,136.3300018310547,127.7184829711914,2550100
2019-05-10,129.33999633789062,133.24000549316406,126.25,129.88999938964844,121.685302734375,5296900
2019-05-13,125.94000244140625,126.47000122070312,120.7699966430664,121.87000274658203,114.1718978881836,4116800
2019-05-14,123.08999633789062,124.75,121.95999908447266,123.31999969482422,115.5302963256836,1951500
2019-05-15,122.0,125.5199966430664,121.02999877929688,125.25,117.33837890625,2127500
2019-05-16,125.1500015258789,127.62000274658203,124.80000305175781,127.30999755859375,119.26826477050781,1893800
2019-05-17,125.2699966430664,125.94000244140625,121.22000122070312,121.41999816894531,113.75032043457031,2624500
2019-05-20,119.38999938964844,120.37000274658203,116.80999755859375,120.18000030517578,112.58865356445312,2747900
2019-05-21,120.16999816894531,121.31999969482422,119.88999938964844,120.87000274658203,114.1851806640625,1278800
2019-05-22,119.93000030517578,120.70999908447266,118.8499984741211,119.91999816894531,113.28770446777344,1507200
2019-05-23,117.83000183105469,117.83000183105469,112.70999908447266,113.86000061035156,107.5628662109375,3530700
2019-05-24,114.91999816894531,115.62999725341797,112.68000030517578,114.19999694824219,107.88407135009766,1842200
2019-05-28,114.68000030517578,116.38999938964844,113.98999786376953,114.11000061035156,107.79903411865234,1474200
2019-05-29,112.9000015258789,115.06999969482422,112.44999694824219,114.38999938964844,108.06354522705078,985300
2019-05-30,114.58999633789062,115.93000030517578,110.77999877929688,111.43000030517578,105.26724243164062,2040600
2019-05-31,109.47000122070312,109.75,106.45999908447266,107.33000183105469,101.39402770996094,2892700
2019-06-03,106.62000274658203,106.62000274658203,102.81999969482422,103.56999969482422,97.84195709228516,2661700
2019-06-04,105.22000122070312,112.91999816894531,104.87000274658203,112.87000274658203,106.62761688232422,3236300
2019-06-05,113.5999984741211,114.25,108.05000305175781,110.45999908447266,104.35092163085938,2106800
2019-06-06,110.2300033569336,111.12999725341797,108.06999969482422,109.9800033569336,103.8974609375,1589100
2019-06-07,110.37999725341797,113.25,110.27999877929688,111.0199966430664,104.87992858886719,1545700
2019-06-10,113.08000183105469,118.41000366210938,112.8499984741211,116.66999816894531,110.21747589111328,2718500
2019-06-11,118.19000244140625,119.48999786376953,117.0199966430664,118.1500015258789,111.61561584472656,1954800
2019-06-12,116.8499984741211,116.8499984741211,114.01000213623047,114.73999786376953,108.3941879272461,1094500
2019-06-13,115.3499984741211,117.69999694824219,115.01000213623047,117.20999908447266,110.72760009765625,1619300
2019-06-14,116.77999877929688,116.8499984741211,114.63999938964844,115.61000061035156,109.21607971191406,1525300
2019-06-17,116.19999694824219,116.87999725341797,113.66999816894531,115.68000030517578,109.28223419189453,1037900
2019-06-18,117.63999938964844,122.75,117.1500015258789,122.0,115.252685546875,2536200
2019-06-19,121.98999786376953,122.93000030517578,120.5,122.31999969482422,115.55498504638672,1582300
2019-06-20,125.75,127.9800033569336,121.7699966430664,122.44999694824219,115.67778015136719,1379100
2019-06-21,121.55999755859375,123.33999633789062,120.58000183105469,121.5,114.78033447265625,1431800
2019-06-24,122.81999969482422,123.54000091552734,121.30999755859375,122.0199966430664,115.27159118652344,1255100
2019-06-25,121.69999694824219,121.75,118.80000305175781,118.95999908447266,112.38080596923828,1922700
2019-06-26,120.55999755859375,122.23999786376953,120.0999984741211,121.26000213623047,114.55361938476562,1638400
2019-06-27,122.37000274658203,124.1500015258789,121.5999984741211,123.94999694824219,117.0948257446289,1339800
2019-06-28,123.5999984741211,124.4000015258789,122.38999938964844,123.98999786376953,117.13262176513672,1848300
2019-07-01,130.38999938964844,134.97999572753906,129.3699951171875,131.25,123.9911117553711,3571500
2019-07-02,130.00999450683594,133.0,129.69000244140625,132.97000122070312,125.61597442626953,1429500
2019-07-03,133.32000732421875,134.52999877929688,132.17999267578125,133.3800048828125,126.0032958984375,1154300
2019-07-05,132.77999877929688,133.42999267578125,131.0500030517578,132.80999755859375,125.46484375,1144600
2019-07-08,132.16000366210938,133.10000610351562,131.19000244140625,133.05999755859375,125.70101165771484,1215100
2019-07-09,132.25,134.14999389648438,131.47000122070312,133.72999572753906,126.33392333984375,1734800
2019-07-10,134.5500030517578,135.47999572753906,127.86000061035156,130.33999633789062,123.13141632080078,3005800
2019-07-11,130.60000610351562,132.67999267578125,129.36000061035156,130.64999389648438,123.42427825927734,1817500
2019-07-12,130.85000610351562,134.30999755859375,130.6999969482422,133.88999938964844,126.48509216308594,1689200
2019-07-15,133.92999267578125,137.99000549316406,133.4199981689453,137.77000427246094,130.15052795410156,2650300
2019-07-16,138.0,141.25999450683594,136.85000610351562,139.33999633789062,131.63368225097656,2256800
2019-07-17,139.25,139.3300018310547,135.4499969482422,135.88999938964844,128.3744659423828,1295000
2019-07-18,135.44000244140625,135.72999572753906,134.3699951171875,135.08999633789062,127.61873626708984,865700
2019-07-19,135.88999938964844,137.00999450683594,134.57000732421875,134.64999389648438,127.20308685302734,984100
2019-07-22,134.05999755859375,135.16000366210938,132.5399932861328,133.80999755859375,126.40951538085938,1111800
2019-07-23,135.14999389648438,138.55999755859375,134.58999633789062,138.27000427246094,130.6228485107422,1348500
2019-07-24,137.74000549316406,141.2899932861328,136.8800048828125,140.8800048828125,133.08848571777344,1360100
2019-07-25,139.2100067138672,139.6699981689453,137.13999938964844,137.88999938964844,130.26388549804688,1082700
2019-07-26,139.1300048828125,140.33999633789062,138.16000366210938,139.42999267578125,131.7187042236328,909700
2019-07-29,139.30999755859375,139.3699951171875,135.6999969482422,138.27000427246094,130.6228485107422,857900
2019-07-30,136.47999572753906,137.19000244140625,135.0,135.61000061035156,128.1099853515625,1289800
2019-07-31,135.61000061035156,135.61000061035156,127.26000213623047,130.07000732421875,122.87635803222656,2308800
2019-08-01,129.74000549316406,131.5399932861328,121.05999755859375,122.91999816894531,116.12179565429688,3418000
2019-08-02,121.25,123.2699966430664,118.25,119.69999694824219,113.07987976074219,2428000
2019-08-05,114.56999969482422,115.1500015258789,110.26000213623047,111.0999984741211,104.95551300048828,3578000
2019-08-06,112.23999786376953,114.33999633789062,109.45999908447266,111.87000274658203,105.68292999267578,3488600
2019-08-07,108.16000366210938,111.12999725341797,105.19999694824219,109.9000015258789,103.8218994140625,3354700
2019-08-08,110.91999816894531,112.5,109.62999725341797,111.51000213623047,105.34284973144531,1580300
2019-08-09,110.37000274658203,110.88999938964844,106.55000305175781,108.91000366210938,102.88663482666016,1597700
2019-08-12,107.51000213623047,108.18000030517578,106.55000305175781,107.05999755859375,101.13895416259766,2183400
2019-08-13,106.55000305175781,113.26000213623047,106.55000305175781,108.93000030517578,102.90553283691406,2601600
2019-08-14,106.43000030517578,107.33000183105469,103.55000305175781,104.33000183105469,98.55994415283203,2689100
2019-08-15,104.75,105.62000274658203,102.02999877929688,102.5,97.76824951171875,1947800
2019-08-16,104.16999816894531,106.12999725341797,103.5,105.55000305175781,100.67745971679688,2156400
2019-08-19,109.69999694824219,113.33000183105469,109.48999786376953,112.41000366210938,107.22076416015625,3181800
2019-08-20,111.75,114.7300033569336,110.66999816894531,114.01000213623047,108.74691772460938,1698500
2019-08-21,115.5,115.77999877929688,112.75,113.55999755859375,108.31768035888672,1707600
2019-08-22,114.0,114.94999694824219,110.04000091552734,110.12999725341797,105.0460205078125,1642700
2019-08-23,108.9800033569336,109.5,103.69999694824219,105.33000183105469,100.46760559082031,2702500
2019-08-26,107.02999877929688,107.43000030517578,104.87999725341797,105.41000366210938,100.54391479492188,1670300
2019-08-27,106.68000030517578,106.68000030517578,103.91000366210938,104.1500015258789,99.34208679199219,1982500
2019-08-28,103.87000274658203,105.80000305175781,103.0,105.31999969482422,100.45806884765625,3766300
2019-08-29,107.01000213623047,107.91000366210938,105.45999908447266,106.31999969482422,101.41189575195312,5536700
2019-08-30,107.4000015258789,110.83000183105469,106.66000366210938,110.1500015258789,105.06509399414062,2685300
2019-09-03,106.55999755859375,107.22000122070312,104.2699966430664,105.33000183105469,100.46760559082031,2392600
2019-09-04,109.05000305175781,109.94999694824219,107.30000305175781,108.91999816894531,103.89187622070312,2063200
2019-09-05,110.91000366210938,112.68000030517578,110.38999938964844,111.33000183105469,106.19062805175781,1858100
2019-09-06,111.37000274658203,112.43000030517578,109.51000213623047,111.44000244140625,106.2955551147461,1930100
2019-09-09,112.16999816894531,115.62999725341797,112.16999816894531,114.6500015258789,109.35736083984375,2058900
2019-09-10,114.48999786376953,116.9000015258789,113.80999755859375,116.88999938964844,111.49394989013672,1557300
2019-09-11,117.55999755859375,117.98999786376953,112.41999816894531,114.31999969482422,109.04259490966797,2555300
2019-09-12,114.66000366210938,119.68000030517578,114.08000183105469,117.08000183105469,111.6751937866211,2728900
2019-09-13,118.54000091552734,120.2300033569336,117.19000244140625,117.45999908447266,112.03764343261719,1700700
2019-09-16,115.54000091552734,117.30000305175781,115.12000274658203,116.5999984741211,111.21733856201172,1455000
2019-09-17,114.95999908447266,115.19999694824219,112.5999984741211,113.93000030517578,108.67061614990234,3429700
2019-09-18,113.80000305175781,114.62999725341797,111.66999816894531,112.9000015258789,107.68814849853516,1861900
2019-09-19,113.0,113.75,110.62000274658203,111.4800033569336,106.33372497558594,1980000
2019-09-20,111.56999969482422,112.4800033569336,108.3499984741211,108.75,103.72972869873047,1917000
2019-09-23,107.13999938964844,109.0,106.75,108.11000061035156,103.11927795410156,1940800
2019-09-24,111.80999755859375,112.94999694824219,109.16999816894531,109.36000061035156,104.31156158447266,3313700
2019-09-25,109.37000274658203,111.54000091552734,108.0999984741211,111.0,105.8758544921875,1519200
2019-09-26,110.5,111.87999725341797,109.55999755859375,110.3499984741211,105.25586700439453,1760400
2019-09-27,111.2699966430664,113.4800033569336,107.5,108.25,103.2528076171875,2470900
2019-09-30,108.83999633789062,109.62999725341797,108.0,108.72000122070312,103.70110321044922,1499900
2019-10-01,108.91000366210938,112.0199966430664,108.72000122070312,109.91999816894531,104.84571075439453,1631100
2019-10-02,109.33999633789062,111.76000213623047,108.16000366210938,111.19000244140625,106.05709838867188,1951800
2019-10-03,110.80999755859375,111.0,107.36000061035156,109.86000061035156,104.78849029541016,1405700
2019-10-04,110.02999877929688,110.02999877929688,107.19999694824219,108.91000366210938,103.8823471069336,1668700
2019-10-07,107.69000244140625,107.8499984741211,104.37000274658203,107.0199966430664,102.07958984375,2432400
2019-10-08,105.63999938964844,106.06999969482422,102.44000244140625,102.56999969482422,97.83502960205078,2382600
2019-10-09,104.08000183105469,105.0,103.02999877929688,104.41999816894531,99.599609375,1533300
2019-10-10,104.41999816894531,108.30000305175781,103.5999984741211,106.05999755859375,101.16390991210938,1716000
2019-10-11,107.9800033569336,114.1500015258789,107.76000213623047,112.77999877929688,107.57369995117188,3198400
2019-10-14,112.55999755859375,112.87999725341797,110.88999938964844,112.31999969482422,107.1349105834961,1026500
2019-10-15,112.55000305175781,116.22000122070312,111.66000366210938,114.87999725341797,109.57674407958984,1695600
2019-10-16,113.47000122070312,115.75,113.43000030517578,113.83000183105469,108.5752182006836,1474900
2019-10-17,114.73999786376953,114.83000183105469,113.38999938964844,114.05000305175781,108.78507232666016,1811500
2019-10-18,113.80999755859375,115.05999755859375,113.08999633789062,113.5199966430664,108.27951049804688,1188100
2019-10-21,114.25,117.02999877929688,114.19000244140625,116.87000274658203,111.47488403320312,1348800
2019-10-22,117.55999755859375,117.87999725341797,115.08000183105469,115.69999694824219,110.35888671875,987400
2019-10-23,115.16999816894531,116.94999694824219,114.0,115.86000061035156,110.5114974975586,879200
2019-10-24,116.88999938964844,119.16000366210938,115.75,117.11000061035156,111.70380401611328,1065600
2019-10-25,116.55000305175781,121.04000091552734,116.55000305175781,120.8499984741211,115.27115631103516,1628100
2019-10-28,121.69999694824219,123.43000030517578,121.41000366210938,123.0,117.3219223022461,1433400
2019-10-29,120.13999938964844,121.79000091552734,119.48999786376953,120.22000122070312,114.67024230957031,1235900
2019-10-30,120.2699966430664,124.4000015258789,118.75,123.72000122070312,118.00865173339844,2754600
2019-10-31,122.87000274658203,123.18000030517578,119.3499984741211,121.33999633789062,115.73854064941406,1543700
2019-11-01,122.93000030517578,123.38999938964844,120.94999694824219,123.19000244140625,117.50313568115234,1383800
2019-11-04,125.0,127.04000091552734,124.80999755859375,126.72000122070312,120.87017059326172,2228900
2019-11-05,126.70999908447266,128.22000122070312,125.91999816894531,126.5999984741211,120.7557144165039,1168000
2019-11-06,127.0999984741211,127.0999984741211,121.7300033569336,122.55999755859375,116.90220642089844,2067300
2019-11-07,125.44999694824219,128.5500030517578,124.66000366210938,125.48999786376953,119.69694519042969,3107500
2019-11-08,124.73999786376953,127.20999908447266,123.5999984741211,126.47000122070312,120.6317138671875,1397000
2019-11-11,123.91999816894531,124.4800033569336,120.58999633789062,121.62000274658203,116.005615234375,1853800
2019-11-12,122.18000030517578,122.76000213623047,120.66999816894531,120.73999786376953,115.16621398925781,1155700
2019-11-13,119.0,119.61000061035156,117.79000091552734,118.83999633789062,114.30059814453125,1380800
2019-11-14,118.83999633789062,119.73999786376953,118.30000305175781,118.68000030517578,114.14673614501953,1120000
2019-11-15,119.05000305175781,119.19999694824219,116.63999938964844,117.69999694824219,113.20414733886719,1743900
2019-11-18,116.54000091552734,120.2300033569336,115.12000274658203,120.1500015258789,115.5605697631836,1592700
2019-11-19,121.05999755859375,121.0999984741211,118.7699966430664,120.25,115.65673828125,1319800
2019-11-20,119.5999984741211,120.94000244140625,116.16999816894531,117.55000305175781,113.05988311767578,1818400
2019-11-21,117.6500015258789,119.30000305175781,117.16999816894531,118.3499984741211,113.82930755615234,1456900
2019-11-22,119.93000030517578,119.93000030517578,118.55999755859375,119.16000366210938,114.60839080810547,1301600
2019-11-25,119.7699966430664,124.0,119.52999877929688,123.97000122070312,119.23464965820312,1752400
2019-11-26,123.9000015258789,124.19999694824219,121.30000305175781,121.55000305175781,116.90709686279297,1322700
2019-11-27,121.86000061035156,123.41999816894531,121.3499984741211,121.97000122070312,117.31105041503906,753600
2019-11-29,120.87999725341797,121.51000213623047,120.18000030517578,120.8499984741211,116.23382568359375,772700
2019-12-02,120.77999877929688,122.05000305175781,119.19000244140625,119.38999938964844,114.82960510253906,1672200
2019-12-03,116.69999694824219,116.87000274658203,114.0199966430664,116.5999984741211,112.14616394042969,1856900
2019-12-04,117.68000030517578,119.06999969482422,117.55000305175781,118.73999786376953,114.20442962646484,1291800
2019-12-05,119.29000091552734,119.80000305175781,117.5199966430664,118.2699966430664,113.75235748291016,819100
2019-12-06,119.55000305175781,121.9000015258789,119.12000274658203,121.68000030517578,117.0321273803711,1171900
2019-12-09,121.36000061035156,123.01000213623047,120.37999725341797,120.38999938964844,115.79139709472656,1830700
2019-12-10,120.81999969482422,121.16000366210938,119.2300033569336,119.41000366210938,114.84883880615234,906000
2019-12-11,119.55000305175781,121.1500015258789,119.48999786376953,120.83000183105469,116.21459197998047,2014200
2019-12-12,122.4000015258789,132.57000732421875,122.30000305175781,132.27000427246094,127.2176284790039,4740900
2019-12-13,131.24000549316406,134.19000244140625,128.82000732421875,129.77999877929688,124.8227310180664,2820900
2019-12-16,130.3300018310547,132.4600067138672,130.16000366210938,130.94000244140625,125.93843078613281,2308800
2019-12-17,131.94000244140625,133.75999450683594,130.75999450683594,133.5,128.40061950683594,1988100
2019-12-18,138.0,139.97999572753906,135.19000244140625,138.7100067138672,133.41160583496094,4885200
2019-12-19,138.61000061035156,140.35000610351562,137.89999389648438,139.83999633789062,134.49844360351562,2476600
2019-12-20,140.5,140.5,137.19000244140625,138.0500030517578,132.77682495117188,5785000
2019-12-23,139.14999389648438,140.6300048828125,138.52000427246094,140.22999572753906,134.87355041503906,1604300
2019-12-24,139.91000366210938,140.1199951171875,139.24000549316406,139.44000244140625,134.11373901367188,472100
2019-12-26,140.19000244140625,141.0,139.57000732421875,140.94000244140625,135.5564422607422,978500
2019-12-27,141.1699981689453,141.83999633789062,138.72999572753906,139.80999755859375,134.46958923339844,1401900
2019-12-30,140.25,140.8699951171875,138.02000427246094,139.3800048828125,134.0560302734375,3063000
2019-12-31,138.66000366210938,140.07000732421875,138.25,138.8699951171875,133.56552124023438,1142600
2020-01-02,142.05999755859375,144.38999938964844,141.75,143.60000610351562,138.11483764648438,3006500
2020-01-03,140.85000610351562,142.27000427246094,139.94000244140625,141.47000122070312,136.06617736816406,1760500
2020-01-06,139.1999969482422,141.3800048828125,139.0500030517578,141.19000244140625,135.79690551757812,1357900
2020-01-07,140.82000732421875,142.27000427246094,140.14999389648438,141.86000061035156,136.44131469726562,1722100
2020-01-08,140.83999633789062,143.77000427246094,140.2899932861328,142.75,137.2973175048828,1176200
2020-01-09,143.74000549316406,143.8699951171875,141.52999877929688,142.14999389648438,136.72023010253906,1203900
2020-01-10,143.0800018310547,148.0,141.85000610351562,143.00999450683594,137.54739379882812,2180600
2020-01-13,143.85000610351562,147.8800048828125,143.5,147.2100067138672,141.58694458007812,1817000
2020-01-14,149.38999938964844,150.74000549316406,147.17999267578125,150.02999877929688,144.29920959472656,2227100
2020-01-15,149.27999877929688,150.77000427246094,149.0800018310547,150.02999877929688,144.29920959472656,1913000
2020-01-16,151.0,152.74000549316406,150.66000366210938,152.2100067138672,146.39598083496094,1639700
2020-01-17,152.69000244140625,153.41000366210938,150.72000122070312,151.6199951171875,145.8284912109375,2177600
2020-01-21,143.13999938964844,145.3000030517578,140.3800048828125,142.30999755859375,136.8740997314453,5409700
2020-01-22,144.24000549316406,144.39999389648438,139.13999938964844,140.08999633789062,134.73892211914062,2903600
2020-01-23,134.75999450683594,139.99000549316406,133.5,139.11000061035156,133.7963409423828,4867700
2020-01-24,138.39999389648438,138.44000244140625,132.11000061035156,134.75,129.6029052734375,3988400
2020-01-27,122.91999816894531,127.11000061035156,121.0999984741211,123.88999938964844,119.15769958496094,5826500
2020-01-28,125.73999786376953,126.4000015258789,121.83000183105469,124.97000122070312,120.19647216796875,4260400
2020-01-29,125.30000305175781,125.80000305175781,123.06999969482422,123.8499984741211,119.11923217773438,2321700
2020-01-30,122.45999908447266,126.80999755859375,121.01000213623047,126.62000274658203,121.78343200683594,3611600
2020-01-31,124.72000122070312,126.62000274658203,123.55000305175781,126.16000366210938,121.34101867675781,2379900
2020-02-03,126.56999969482422,129.99000549316406,126.56999969482422,128.5800018310547,123.66857147216797,2503500
2020-02-04,128.77000427246094,134.8800048828125,128.47999572753906,132.6999969482422,127.6312026977539,3969200
2020-02-05,135.0,135.72999572753906,131.1999969482422,132.27999877929688,127.22721862792969,2170600
2020-02-06,133.60000610351562,135.4199981689453,132.94000244140625,134.19000244140625,129.06430053710938,2544300
2020-02-07,129.0500030517578,130.75,126.5999984741211,126.91000366210938,122.06233978271484,5616000
2020-02-10,126.0,128.27999877929688,125.0,127.87999725341797,122.99530029296875,2908200
2020-02-11,128.60000610351562,133.8300018310547,127.61000061035156,131.99000549316406,126.94831085205078,2948400
2020-02-12,136.0399932861328,137.27999877929688,134.3300018310547,136.82000732421875,131.5938262939453,3640200
2020-02-13,134.27000427246094,135.55999755859375,132.4499969482422,133.6199951171875,128.51605224609375,3013600
2020-02-14,133.35000610351562,133.47000122070312,130.77000427246094,132.13999938964844,127.09257507324219,1496600
2020-02-18,132.22999572753906,134.0800018310547,130.47999572753906,133.4600067138672,128.36215209960938,1578200
2020-02-19,134.50999450683594,137.5800018310547,133.88999938964844,136.1699981689453,130.96865844726562,1781000
2020-02-20,134.22999572753906,135.7100067138672,131.4499969482422,133.3300018310547,128.2371368408203,1849600
2020-02-21,131.50999450683594,132.22999572753906,126.75,127.94999694824219,123.06261444091797,2853200
2020-02-24,121.29000091552734,124.6500015258789,120.0199966430664,120.16999816894531,115.5798110961914,4549100
2020-02-25,121.1500015258789,121.5,112.95999908447266,113.88999938964844,110.4588623046875,4285400
2020-02-26,115.44000244140625,117.86000061035156,110.2699966430664,110.75,107.4134750366211,4155400
2020-02-27,109.20999908447266,115.91000366210938,103.9000015258789,111.16000366210938,107.81112670898438,5670100
2020-02-28,108.0,111.37999725341797,106.29000091552734,107.9800033569336,104.7269287109375,5940200
2020-03-02,107.94999694824219,109.41000366210938,104.3499984741211,107.94000244140625,104.68811798095703,4675300
2020-03-03,107.9000015258789,110.7699966430664,101.56999969482422,102.44000244140625,99.35382080078125,4346300
2020-03-04,104.5199966430664,106.44999694824219,101.73999786376953,105.66000366210938,102.476806640625,3137800
2020-03-05,102.76000213623047,102.94999694824219,95.01000213623047,95.58000183105469,92.70049285888672,5576300
2020-03-06,92.0,98.0,90.0,94.02999877929688,91.19718170166016,5512300
2020-03-09,84.5,87.9000015258789,80.62999725341797,81.93000030517578,79.46173095703125,5092100
2020-03-10,87.54000091552734,90.37999725341797,83.0999984741211,90.16999816894531,87.45348358154297,5037300
2020-03-11,86.5,87.12999725341797,80.16000366210938,80.87000274658203,78.43365478515625,5660300
2020-03-12,71.31999969482422,77.87999725341797,65.0,68.0199966430664,65.97077178955078,9707800
2020-03-13,74.77999877929688,77.81999969482422,64.1500015258789,72.5199966430664,70.33521270751953,6976300
2020-03-16,59.5,67.4800033569336,54.630001068115234,54.79999923706055,53.1490592956543,7723200
2020-03-17,56.709999084472656,58.0,48.0099983215332,54.380001068115234,52.7417106628418,9050300
2020-03-18,48.25,51.86000061035156,35.84000015258789,43.02000045776367,41.72394943237305,10917800
2020-03-19,41.150001525878906,52.900001525878906,38.0099983215332,46.58000183105469,45.176700592041016,10369200
2020-03-20,49.83000183105469,60.0,49.0099983215332,51.970001220703125,50.40431594848633,11323900
2020-03-23,53.5099983215332,58.400001525878906,51.0,57.56999969482422,55.83560562133789,9148200
2020-03-24,68.66000366210938,71.38999938964844,64.55000305175781,66.55999755859375,64.55477142333984,10793700
2020-03-25,71.80999755859375,79.69999694824219,65.19000244140625,75.05999755859375,72.79869079589844,9420900
2020-03-26,77.37999725341797,83.87000274658203,69.76000213623047,71.51000213623047,69.35563659667969,10883600
2020-03-27,66.6500015258789,67.30000305175781,63.2599983215332,63.310001373291016,61.40268325805664,9510200
2020-03-30,61.7599983215332,63.689998626708984,58.04999923706055,61.099998474121094,59.259254455566406,7156100
2020-03-31,60.709999084472656,63.4900016784668,59.099998474121094,60.189998626708984,58.376670837402344,5341600
2020-04-01,56.90999984741211,57.0,52.90999984741211,54.0,52.37316131591797,6244600
2020-04-02,53.119998931884766,56.400001525878906,51.54999923706055,52.66999816894531,51.083229064941406,4688300
2020-04-03,52.970001220703125,53.5,46.209999084472656,48.5,47.03885269165039,7994100
2020-04-06,53.70000076293945,58.25,52.75,56.72999954223633,55.020904541015625,9013400
2020-04-07,65.94999694824219,67.19999694824219,59.75,60.849998474121094,59.01679229736328,12004600
2020-04-08,62.650001525878906,69.38999938964844,61.65999984741211,69.06999969482422,66.98914337158203,10758100
2020-04-09,73.91000366210938,76.87999725341797,67.81999969482422,70.6500015258789,68.52155303955078,11008300
2020-04-13,70.72000122070312,71.3499984741211,65.54000091552734,69.30000305175781,67.21221923828125,7528100
2020-04-14,73.05000305175781,74.54000091552734,69.19000244140625,74.4800033569336,72.23617553710938,6531700
2020-04-15,71.16999816894531,72.86000061035156,70.0,71.8499984741211,69.68539428710938,5966700
2020-04-16,71.04000091552734,72.69999694824219,68.80999755859375,72.29000091552734,70.11214447021484,6293700
2020-04-17,77.16000366210938,78.5199966430664,74.51000213623047,78.45999908447266,76.09626007080078,7338100
2020-04-20,76.18000030517578,78.66000366210938,72.68000030517578,73.29000091552734,71.08201599121094,5939600
2020-04-21,71.08000183105469,73.58999633789062,69.68000030517578,70.4000015258789,68.2790756225586,5283900
2020-04-22,72.8499984741211,73.25,69.61000061035156,70.02999877929688,67.92021942138672,3915400
2020-04-23,75.22000122070312,78.5999984741211,74.29000091552734,76.05000305175781,73.75886535644531,10329600
2020-04-24,76.95999908447266,77.56999969482422,73.93000030517578,76.61000061035156,74.302001953125,4982700
2020-04-27,78.26000213623047,83.93000030517578,77.12000274658203,82.7699966430664,80.27640533447266,5905700
2020-04-28,86.97000122070312,87.56999969482422,78.0,82.16000366210938,79.68480682373047,9126300
2020-04-29,85.69000244140625,89.87000274658203,84.5199966430664,89.02999877929688,86.34781646728516,7076700
2020-04-30,87.22000122070312,90.80999755859375,84.58000183105469,85.52999877929688,82.95326232910156,6565800
2020-05-01,81.80999755859375,82.98999786376953,79.01000213623047,80.83000183105469,78.39485931396484,5109300
2020-05-04,77.0999984741211,80.94999694824219,75.56999969482422,80.44999694824219,78.02629852294922,4826300
2020-05-05,82.69000244140625,83.08999633789062,78.3499984741211,79.66999816894531,77.2697982788086,4105200
2020-05-06,80.45999908447266,80.87999725341797,78.01000213623047,79.25,76.86246490478516,3469300
2020-05-07,80.0,82.66999816894531,78.16999816894531,79.5999984741211,77.201904296875,7431900
2020-05-08,81.91000366210938,87.4000015258789,81.48999786376953,86.94000244140625,84.32080078125,6400700
2020-05-11,85.01000213623047,85.7699966430664,82.37999725341797,82.66999816894531,80.1794204711914,4940200
2020-05-12,83.44000244140625,83.91000366210938,78.58000183105469,78.66000366210938,76.29023742675781,4044600
2020-05-13,78.73999786376953,79.87000274658203,75.13999938964844,76.7699966430664,74.45716094970703,6993100
2020-05-14,74.51000213623047,78.5,71.19999694824219,78.30000305175781,75.94108581542969,5667100
2020-05-15,76.37000274658203,79.13999938964844,75.61000061035156,77.69999694824219,75.35914611816406,3885000
2020-05-18,82.5199966430664,83.0,80.05000305175781,81.47000122070312,79.01559448242188,6582600
2020-05-19,82.08999633789062,85.23999786376953,79.7300033569336,82.02999877929688,79.55870056152344,5439000
2020-05-20,84.63999938964844,87.27999877929688,83.69999694824219,86.86000061035156,84.24319458007812,5359300
2020-05-21,86.22000122070312,86.8499984741211,82.13999938964844,83.1500015258789,80.64496612548828,4382500
2020-05-22,81.30000305175781,81.41999816894531,77.5199966430664,78.25,75.892578125,7775200
2020-05-26,82.97000122070312,86.16999816894531,81.36000061035156,84.88999938964844,82.33253479003906,8349800
2020-05-27,87.55999755859375,87.80000305175781,82.5,86.93000030517578,84.31108856201172,7608900
2020-05-28,87.04000091552734,87.44999694824219,82.61000061035156,83.19999694824219,80.6934585571289,5005800
2020-05-29,81.66000366210938,84.93000030517578,80.80000305175781,83.27999877929688,80.77104949951172,5123600
2020-06-01,84.12999725341797,86.63999938964844,83.22000122070312,86.47000122070312,83.86495208740234,3707700
2020-06-02,85.5,86.2300033569336,82.55000305175781,84.0999984741211,81.56634521484375,5619900
2020-06-03,85.80000305175781,93.75,85.5,93.5,90.68315887451172,8273900
2020-06-04,96.9800033569336,97.30000305175781,91.72000122070312,95.37999725341797,92.50650787353516,10517800
2020-06-05,102.06999969482422,104.01000213623047,99.29000091552734,101.61000061035156,98.54882049560547,10986000
2020-06-08,106.45999908447266,108.93000030517578,104.05000305175781,108.80000305175781,105.522216796875,6159100
2020-06-09,105.37999725341797,105.41999816894531,101.41000366210938,102.76000213623047,99.6641845703125,6115200
2020-06-10,102.81999969482422,103.4000015258789,95.18000030517578,98.93000030517578,95.94956970214844,6583700
2020-06-11,90.1500015258789,95.30000305175781,89.0,89.73999786376953,87.03642272949219,7717400
2020-06-12,95.13999938964844,95.73999786376953,89.80000305175781,92.30999755859375,89.52900695800781,4921000
2020-06-15,87.55999755859375,93.08000183105469,86.58000183105469,92.0,89.22833251953125,4636300
2020-06-16,98.0,98.1500015258789,87.22000122070312,90.51000213623047,87.78324127197266,7201000
2020-06-17,90.0,90.76000213623047,88.33999633789062,88.69999694824219,86.02775573730469,3873800
2020-06-18,87.0199966430664,89.9000015258789,86.7300033569336,88.37000274658203,85.70769500732422,3146600
2020-06-19,90.3499984741211,90.9800033569336,86.04000091552734,86.79000091552734,84.1753158569336,4161700
2020-06-22,85.86000061035156,86.19999694824219,81.72000122070312,83.31999969482422,80.80984497070312,4876800
2020-06-23,84.52999877929688,85.33999633789062,83.41000366210938,84.51000213623047,81.96400451660156,4351000
2020-06-24,83.30999755859375,83.38999938964844,75.0199966430664,75.20999908447266,72.94417572021484,8439100
2020-06-25,74.8499984741211,74.8499984741211,71.4000015258789,73.55999755859375,71.34387969970703,7971700
2020-06-26,72.47000122070312,73.41000366210938,68.70999908447266,69.05000305175781,66.96975708007812,7082400
2020-06-29,69.22000122070312,74.2300033569336,67.54000091552734,74.22000122070312,71.98401641845703,7053200
2020-06-30,73.56999969482422,74.86000061035156,72.12000274658203,74.48999786376953,72.2458724975586,4590400
2020-07-01,75.25,78.23999786376953,73.1500015258789,73.79000091552734,71.56694793701172,5433900
2020-07-02,75.58999633789062,78.3499984741211,75.12999725341797,77.31999969482422,74.99061584472656,6267200
2020-07-06,79.7300033569336,80.98999786376953,74.66999816894531,76.69999694824219,74.38926696777344,5925000
2020-07-07,74.81999969482422,76.0199966430664,73.13999938964844,73.37000274658203,71.15959167480469,3878800
2020-07-08,73.18000030517578,74.55999755859375,71.29000091552734,74.18000030517578,71.94520568847656,4940500
2020-07-09,73.98999786376953,74.01000213623047,68.69000244140625,71.12999725341797,68.9870834350586,5923200
2020-07-10,70.2300033569336,74.22000122070312,69.44999694824219,74.12999725341797,71.8967056274414,4805600
2020-07-13,76.4000015258789,84.9800033569336,73.08999633789062,81.2699966430664,78.82160186767578,16235900
2020-07-14,79.23999786376953,80.23999786376953,76.69999694824219,79.30000305175781,76.91094970703125,5721300
2020-07-15,82.01000213623047,86.95999908447266,81.61000061035156,86.73999786376953,84.1268081665039,7416200
2020-07-16,84.44999694824219,86.06999969482422,83.55000305175781,84.5999984741211,82.05127716064453,3919000
2020-07-17,84.75,85.18000030517578,81.95999908447266,82.76000213623047,80.26671600341797,2776000
2020-07-20,82.37000274658203,82.94999694824219,79.66999816894531,79.97000122070312,77.56077575683594,2928100
2020-07-21,81.12999725341797,82.47000122070312,78.93000030517578,79.19000244140625,76.80428314208984,4081600
2020-07-22,78.52999877929688,78.94999694824219,75.36000061035156,76.0999984741211,73.80734252929688,3964600
2020-07-23,75.83000183105469,75.94000244140625,73.37000274658203,73.9000015258789,71.67363739013672,5158500
2020-07-24,72.88999938964844,73.41000366210938,71.5999984741211,73.41000366210938,71.19840240478516,3446900
2020-07-27,72.62999725341797,73.55000305175781,70.0199966430664,70.69000244140625,68.56035614013672,4832800
2020-07-28,70.62000274658203,74.97000122070312,70.47000122070312,73.37000274658203,71.15959167480469,4769800
2020-07-29,74.27999877929688,75.4000015258789,73.19000244140625,75.29000091552734,73.0217514038086,3131500
2020-07-30,76.9800033569336,77.1500015258789,74.69999694824219,76.41999816894531,74.11772918701172,4378500
2020-07-31,75.98999786376953,76.23999786376953,71.5,72.43000030517578,70.24790954589844,5520500
2020-08-03,71.7699966430664,73.68000030517578,70.31999969482422,73.05000305175781,70.84925079345703,4446900
2020-08-04,72.63999938964844,74.37000274658203,71.81999969482422,72.75,70.55828857421875,3956100
2020-08-05,73.08000183105469,75.23999786376953,70.51000213623047,71.27999877929688,69.132568359375,7054700
2020-08-06,70.91000366210938,77.08999633789062,70.7699966430664,76.56999969482422,74.26319885253906,7673800
2020-08-07,75.05000305175781,75.95999908447266,73.11000061035156,74.0999984741211,71.86761474609375,4874800
2020-08-10,78.16999816894531,81.75,77.36000061035156,81.4800033569336,79.02527618408203,9703800
2020-08-11,85.8499984741211,89.41999816894531,84.8499984741211,88.29000091552734,85.63011169433594,11414400
2020-08-12,89.48999786376953,89.5,83.37000274658203,85.80000305175781,83.21511840820312,6416400
2020-08-13,84.29000091552734,86.7300033569336,84.23999786376953,86.66999816894531,84.05892181396484,3263400
2020-08-14,85.2300033569336,86.08999633789062,84.1500015258789,84.9800033569336,82.41984558105469,2697100
2020-08-17,85.37000274658203,85.69000244140625,83.19999694824219,83.5,80.98442077636719,2219900
2020-08-18,83.9000015258789,83.9000015258789,81.51000213623047,81.62999725341797,79.1707534790039,2462300
2020-08-19,82.62000274658203,83.79000091552734,80.95999908447266,81.26000213623047,78.81192016601562,2549200
2020-08-20,80.0,81.08999633789062,79.0199966430664,80.27999877929688,77.8614273071289,2947000
2020-08-21,81.45999908447266,85.58000183105469,81.0999984741211,82.79000091552734,80.29580688476562,4360800
2020-08-24,83.66000366210938,86.8499984741211,81.3499984741211,86.79000091552734,84.1753158569336,4485700
2020-08-25,87.58999633789062,88.22000122070312,84.70999908447266,86.20999908447266,83.61278533935547,2644200
2020-08-26,85.88999938964844,86.02999877929688,84.30000305175781,84.80000305175781,82.24525451660156,2393000
2020-08-27,84.87999725341797,88.3499984741211,84.68000030517578,86.5199966430664,83.91343688964844,4183100
2020-08-28,87.80000305175781,93.20999908447266,86.70999908447266,91.55000305175781,88.7918930053711,5852900
2020-08-31,90.62999725341797,90.80000305175781,87.44999694824219,87.44999694824219,84.8154296875,3368800
2020-09-01,87.08000183105469,88.6500015258789,85.41000366210938,86.27999877929688,83.68067169189453,2674300
2020-09-02,86.2699966430664,89.69000244140625,86.05999755859375,89.33000183105469,86.63878631591797,2435100
2020-09-03,89.18000030517578,91.9000015258789,85.80000305175781,87.36000061035156,84.72813415527344,3209000
2020-09-04,88.30999755859375,89.98999786376953,84.58000183105469,87.72000122070312,85.07728576660156,3249900
2020-09-08,85.05000305175781,85.41000366210938,82.48999786376953,82.68000030517578,80.18913269042969,4039200
2020-09-09,83.66000366210938,83.66000366210938,80.5999984741211,82.94999694824219,80.45098876953125,3174300
2020-09-10,84.12999725341797,86.41000366210938,83.12000274658203,83.33000183105469,80.8195571899414,3201800
2020-09-11,84.62000274658203,84.9000015258789,80.87999725341797,82.11000061035156,79.63629913330078,2198400
2020-09-14,83.02999877929688,83.83999633789062,81.86000061035156,83.80000305175781,81.27538299560547,2261900
2020-09-15,83.91000366210938,83.95999908447266,80.7699966430664,82.27999877929688,79.80117797851562,3525600
2020-09-16,81.19000244140625,81.29000091552734,77.31999969482422,79.66000366210938,77.2601089477539,6588400
2020-09-17,78.02999877929688,80.56999969482422,77.98999786376953,79.30000305175781,76.91094970703125,2792100
2020-09-18,78.91000366210938,79.66999816894531,76.2699966430664,77.69999694824219,75.35914611816406,3709900
2020-09-21,73.73999786376953,74.61000061035156,70.83999633789062,72.30000305175781,70.1218490600586,7009900
2020-09-22,72.69000244140625,75.16999816894531,72.01000213623047,73.41999816894531,71.2081069946289,3310300
2020-09-23,73.94000244140625,75.7300033569336,70.51000213623047,70.69000244140625,68.56035614013672,4401700
2020-09-24,70.5,72.3499984741211,68.79000091552734,71.06999969482422,68.92887878417969,3915400
2020-09-25,71.16000366210938,72.55999755859375,70.62999725341797,72.36000061035156,70.1800308227539,2684500
2020-09-28,73.11000061035156,74.56999969482422,72.43000030517578,73.62000274658203,71.40208435058594,3203500
2020-09-29,72.9800033569336,73.08999633789062,70.55000305175781,70.9800033569336,68.84161376953125,4250900
2020-09-30,71.94000244140625,73.94000244140625,71.18000030517578,71.80999755859375,69.6466064453125,4450800
2020-10-01,72.13999938964844,72.72000122070312,71.11000061035156,72.06999969482422,69.89877319335938,4258900
2020-10-02,70.0,73.44000244140625,69.5999984741211,73.19999694824219,70.99471282958984,3115800
2020-10-05,73.05999755859375,74.06999969482422,72.02999877929688,73.8499984741211,71.6251449584961,3414400
2020-10-06,74.56999969482422,77.73999786376953,74.0199966430664,74.31999969482422,72.08098602294922,5082600
2020-10-07,75.91999816894531,75.94999694824219,74.2300033569336,75.05999755859375,72.79869079589844,2847200
2020-10-08,75.27999877929688,76.08999633789062,73.91000366210938,74.31999969482422,72.08098602294922,2743700
2020-10-09,74.62999725341797,75.52999877929688,72.44999694824219,72.66999816894531,70.48068237304688,3095200
2020-10-12,72.8499984741211,74.19999694824219,72.3499984741211,74.11000061035156,71.8773193359375,2072300
2020-10-13,73.18000030517578,73.18000030517578,69.48999786376953,71.73999786376953,69.57870483398438,5278400
2020-10-14,71.48999786376953,72.55000305175781,70.76000213623047,71.69999694824219,69.53990936279297,3263900
2020-10-15,71.44999694824219,72.75,70.66000366210938,72.69999694824219,70.50978088378906,2571600
2020-10-16,72.52999877929688,73.37000274658203,70.91999816894531,71.12000274658203,68.9773941040039,3007600
2020-10-19,71.4000015258789,72.23999786376953,69.5,69.66999816894531,67.57107543945312,3848200
2020-10-20,70.16000366210938,73.08000183105469,70.01000213623047,72.44000244140625,70.25762176513672,3506700
2020-10-21,72.01000213623047,73.4000015258789,71.31999969482422,72.8499984741211,70.65526580810547,2532200
2020-10-22,75.2300033569336,76.6500015258789,74.1500015258789,76.43000030517578,74.1274185180664,4012000
2020-10-23,76.6500015258789,76.83999633789062,74.79000091552734,76.55999755859375,74.25350189208984,2143300
2020-10-26,74.58999633789062,74.66000366210938,71.7699966430664,73.5199966430664,71.30508422851562,2959400
2020-10-27,73.61000061035156,73.87000274658203,71.16999816894531,71.83000183105469,69.6659927368164,2438200
2020-10-28,70.70999908447266,70.83999633789062,67.69999694824219,69.01000213623047,66.93096923828125,4421100
2020-10-29,69.27999877929688,73.12000274658203,69.05000305175781,72.19000244140625,70.01515197753906,3936700
2020-10-30,71.3499984741211,73.30999755859375,70.25,72.43000030517578,70.24790954589844,3303900
2020-11-02,74.41999816894531,76.06999969482422,73.4000015258789,75.8499984741211,73.56489562988281,3955100
2020-11-03,76.62999725341797,77.16000366210938,74.11000061035156,74.56999969482422,72.32345581054688,3082800
2020-11-04,75.08000183105469,77.77999877929688,73.69999694824219,76.12000274658203,73.82675170898438,4412300
2020-11-05,77.37999725341797,80.48999786376953,76.8499984741211,80.12999725341797,77.71595001220703,5303100
2020-11-06,77.88999938964844,80.9000015258789,77.51000213623047,80.06999969482422,77.65775299072266,3461900
2020-11-09,95.16999816894531,105.93000030517578,95.0,102.23999786376953,99.15985870361328,18916800
2020-11-10,100.0,102.19000244140625,95.4000015258789,96.66000366210938,93.74796295166016,5302700
2020-11-11,97.19999694824219,97.19999694824219,91.0,91.70999908447266,88.94709014892578,5046800
2020-11-12,89.69000244140625,89.88999938964844,85.95999908447266,86.66999816894531,84.05892181396484,7160600
2020-11-13,87.69999694824219,92.66000366210938,86.45999908447266,92.19000244140625,89.4126205444336,4172000
2020-11-16,97.66999816894531,98.36000061035156,93.44000244140625,94.73999786376953,91.88579559326172,4496000
2020-11-17,93.30999755859375,96.31999969482422,91.4000015258789,94.2300033569336,91.39115905761719,2500500
2020-11-18,94.55000305175781,98.86000061035156,93.69999694824219,95.63999938964844,92.75868225097656,3339200
2020-11-19,96.93000030517578,99.47000122070312,96.2699966430664,98.75,95.77499389648438,2764400
2020-11-20,97.81999969482422,98.80000305175781,95.29000091552734,95.29000091552734,92.41922760009766,3589000
2020-11-23,95.5,96.79000091552734,94.12000274658203,95.4800033569336,92.6034927368164,3332600
2020-11-24,97.58999633789062,102.91000366210938,97.41000366210938,102.76000213623047,99.6641845703125,4229700
2020-11-25,101.6500015258789,101.72000122070312,99.05999755859375,100.4000015258789,97.37529754638672,2225700
2020-11-27,101.33000183105469,103.38999938964844,100.66999816894531,101.22000122070312,98.17057037353516,1419600
2020-11-30,100.98999786376953,101.66000366210938,97.2300033569336,100.5,97.4722671508789,3071400
2020-12-01,102.0199966430664,104.69000244140625,100.88999938964844,102.36000061035156,99.2762222290039,2816000
2020-12-02,101.75,106.45999908447266,100.73999786376953,105.12999725341797,101.96278381347656,2956500
2020-12-03,107.11000061035156,110.38999938964844,105.9000015258789,108.48999786376953,105.22154998779297,3167800
2020-12-04,109.5,113.5199966430664,108.19999694824219,113.5,110.08061218261719,2997700
2020-12-07,112.76000213623047,112.94000244140625,109.5199966430664,111.31999969482422,107.96629333496094,3736500
2020-12-08,110.62999725341797,113.16999816894531,110.33000183105469,111.30999755859375,107.95659637451172,2846100
2020-12-09,112.87999725341797,113.54000091552734,109.33999633789062,111.16000366210938,107.81112670898438,2159200
2020-12-10,109.08999633789062,113.08999633789062,109.08999633789062,112.87999725341797,109.47929382324219,1840700
2020-12-11,112.66999816894531,113.37999725341797,109.5999984741211,110.9800033569336,107.63653564453125,2162900
2020-12-14,112.41000366210938,112.73999786376953,107.19999694824219,107.54000091552734,104.30018615722656,2856100
2020-12-15,109.22000122070312,114.75,108.5199966430664,114.0999984741211,110.66253662109375,3196300
2020-12-16,113.5,116.29000091552734,112.55000305175781,115.2300033569336,111.75850677490234,2319500
2020-12-17,116.80000305175781,117.19000244140625,114.13999938964844,114.80999755859375,111.35114288330078,2046300
2020-12-18,114.55000305175781,116.52999877929688,113.01000213623047,115.93000030517578,112.4374008178711,3196300
2020-12-21,110.70999908447266,113.77999877929688,108.7300033569336,112.54000091552734,109.14954376220703,3809700
2020-12-22,112.2699966430664,113.27999877929688,110.70999908447266,112.61000061035156,109.2174301147461,1637000
2020-12-23,113.93000030517578,116.93000030517578,113.62000274658203,115.30000305175781,111.8263931274414,1998000
2020-12-24,114.41000366210938,115.44999694824219,113.61000061035156,114.38999938964844,110.94379425048828,850900
2020-12-28,114.95999908447266,117.4000015258789,114.12000274658203,115.47000122070312,111.99127197265625,1912000
2020-12-29,116.27999877929688,116.58999633789062,113.83999633789062,114.30999755859375,110.8662109375,1262500
2020-12-30,114.18000030517578,115.94999694824219,112.54000091552734,113.4000015258789,109.98362731933594,2087100
2020-12-31,112.7699966430664,113.91999816894531,110.05999755859375,112.83000183105469,109.43081665039062,2103400
2021-01-04,113.1500015258789,113.51000213623047,106.18000030517578,106.9000015258789,103.67945861816406,3596800
2021-01-05,106.27999877929688,111.5199966430664,106.01000213623047,110.19000244140625,106.8703384399414,1814600
2021-01-06,110.6500015258789,113.37999725341797,109.05000305175781,110.8499984741211,107.51045989990234,2433700
2021-01-07,112.41999816894531,112.70999908447266,108.51000213623047,109.75,106.44358825683594,3846700
2021-01-08,109.9000015258789,110.69999694824219,108.08000183105469,109.02999877929688,105.74529266357422,2812400
2021-01-11,106.62000274658203,108.41999816894531,104.06999969482422,108.02999877929688,104.77542114257812,2525200
2021-01-12,108.48999786376953,110.87000274658203,106.80000305175781,110.0,106.68606567382812,2104800
2021-01-13,109.55000305175781,109.68000030517578,106.80000305175781,107.9000015258789,104.64932250976562,2775300
2021-01-14,108.5999984741211,111.3499984741211,108.19999694824219,109.0,105.71620178222656,2643700
2021-01-15,108.43000030517578,108.43000030517578,105.7699966430664,106.2300033569336,103.0296401977539,2836300
2021-01-19,107.54000091552734,108.27999877929688,105.75,107.16999816894531,103.94132232666016,3576900
2021-01-20,108.2699966430664,112.86000061035156,107.2699966430664,110.06999969482422,106.75395965576172,4020500
2021-01-21,110.33999633789062,111.94999694824219,108.69999694824219,109.16000366210938,105.87136840820312,2101900
2021-01-22,106.7300033569336,108.08000183105469,104.5,107.44999694824219,104.21287536621094,5038400
2021-01-25,106.58999633789062,109.5,104.66000366210938,108.05999755859375,104.80449676513672,3289100
2021-01-26,109.25,109.94999694824219,105.58000183105469,105.91000366210938,102.71929168701172,2056800
2021-01-27,104.0,105.7699966430664,100.19000244140625,100.80000305175781,97.76323699951172,3433800
2021-01-28,102.0999984741211,104.80000305175781,99.0,102.05000305175781,98.9755630493164,2980100
2021-01-29,102.0,102.77999877929688,99.36000061035156,99.52999877929688,96.53148651123047,2251900
2021-02-01,100.91999816894531,102.58000183105469,100.13999938964844,101.76000213623047,98.69432067871094,1770800
2021-02-02,103.75,107.05000305175781,103.12999725341797,106.0999984741211,102.90354919433594,2442500
2021-02-03,106.69999694824219,109.4800033569336,106.0199966430664,108.41999816894531,105.1536636352539,2161100
2021-02-04,109.27999877929688,110.19000244140625,106.52999877929688,108.69000244140625,105.41552734375,2378400
2021-02-05,112.08000183105469,119.5,111.91000366210938,116.98999786376953,113.46546173095703,5400800
2021-02-08,114.8499984741211,117.94999694824219,113.55000305175781,117.41000366210938,113.87281799316406,2797300
2021-02-09,115.80000305175781,117.0199966430664,113.05999755859375,113.37999725341797,109.96424102783203,5642500
2021-02-10,114.5,119.80999755859375,114.06999969482422,116.44000244140625,112.93204498291016,6098600
2021-02-11,116.44000244140625,116.88999938964844,113.0,114.58000183105469,111.1280746459961,2806500
2021-02-12,114.68000030517578,118.19999694824219,113.5,117.8499984741211,114.29956817626953,2124600
2021-02-16,119.79000091552734,123.51000213623047,118.80000305175781,121.41999816894531,117.76201629638672,3785200
2021-02-17,121.11000061035156,124.0,119.3499984741211,122.16999816894531,118.48941802978516,2296000
2021-02-18,120.48999786376953,122.01000213623047,117.51000213623047,119.87000274658203,116.25870513916016,2042200
2021-02-19,120.55000305175781,124.37000274658203,120.5,123.66000366210938,119.93453979492188,2371700
2021-02-22,124.7699966430664,131.97000122070312,124.54000091552734,126.75,122.93142700195312,4363100
2021-02-23,130.05999755859375,138.25999450683594,125.68000030517578,136.47999572753906,132.36830139160156,7016000
2021-02-24,136.5800018310547,137.38999938964844,132.0800018310547,134.2100067138672,130.1667022705078,3286800
2021-02-25,134.0,135.74000549316406,127.19999694824219,128.66000366210938,124.78389739990234,2753400
2021-02-26,129.25999450683594,132.94000244140625,128.1699981689453,131.72999572753906,127.76139831542969,2251500
2021-03-01,135.41000366210938,135.85000610351562,131.1999969482422,131.7899932861328,127.8196029663086,1934600
2021-03-02,133.2899932861328,135.19000244140625,131.85000610351562,133.0,128.99313354492188,1428800
2021-03-03,136.27000427246094,139.47999572753906,133.75,135.6199951171875,131.53419494628906,3572700
2021-03-04,136.08999633789062,136.36000061035156,126.83000183105469,132.88999938964844,128.88644409179688,3407500
2021-03-05,133.69000244140625,133.89999389648438,126.18000030517578,133.32000732421875,129.30348205566406,3350700
2021-03-08,134.57000732421875,137.1999969482422,133.50999450683594,133.74000549316406,129.7108612060547,1987000
2021-03-09,136.88999938964844,136.88999938964844,133.02999877929688,134.0,129.9630126953125,1438200
2021-03-10,134.17999267578125,136.67999267578125,133.52999877929688,134.83999633789062,130.7777099609375,1554900
2021-03-11,135.9499969482422,142.61000061035156,134.8000030517578,137.9199981689453,133.76492309570312,3151900
2021-03-12,137.5,139.41000366210938,136.0,137.0500030517578,132.92115783691406,2020000
2021-03-15,139.82000732421875,143.8800048828125,139.10000610351562,139.8000030517578,135.5883026123047,3377800
2021-03-16,140.6699981689453,140.6699981689453,135.1699981689453,137.57000732421875,133.4254913330078,2129800
2021-03-17,135.35000610351562,140.0500030517578,135.11000061035156,140.0,135.78225708007812,1407000
2021-03-18,139.99000549316406,140.0,134.8000030517578,135.64999389648438,131.56329345703125,2015000
2021-03-19,135.41000366210938,136.0,131.24000549316406,135.47999572753906,131.39845275878906,2797300
2021-03-22,135.11000061035156,135.3300018310547,131.32000732421875,132.8699951171875,128.86705017089844,1703300
2021-03-23,129.60000610351562,131.22000122070312,124.37000274658205,125.1500015258789,121.37964630126952,3297400
2021-03-24,125.9800033569336,130.3699951171875,125.0,125.18000030517578,121.4087371826172,2154900
2021-03-25,121.79000091552734,129.0399932861328,120.80999755859376,128.10000610351562,124.24075317382812,2121000
2021-03-26,129.75,130.25,123.43000030517578,127.43000030517578,123.5909423828125,1691000
2021-03-29,126.2300033569336,127.72000122070312,122.75,123.5,119.77935028076172,1772600
2021-03-30,123.75,126.87000274658205,123.0500030517578,125.4499969482422,121.67060089111328,1517900
2021-03-31,125.05999755859376,126.27999877929688,123.75,125.37000274658205,121.593017578125,1582500
2021-04-01,126.88999938964844,130.3699951171875,126.27999877929688,128.10000610351562,124.24075317382812,2213800
2021-04-05,131.89999389648438,134.22999572753906,130.58999633789062,131.07000732421875,127.12128448486328,2729300
2021-04-06,133.11000061035156,137.42999267578125,132.52999877929688,136.3699951171875,132.2615966796875,3851500
2021-04-07,135.77000427246094,136.58999633789062,131.10000610351562,132.67999267578125,128.68276977539062,2708800
2021-04-08,132.9499969482422,133.57000732421875,131.1699981689453,133.49000549316406,129.46836853027344,2925600
2021-04-09,132.0500030517578,132.6699981689453,129.88999938964844,131.38999938964844,127.4316635131836,1698700
2021-04-12,131.0,131.42999267578125,128.8800048828125,129.94000244140625,126.02533721923828,1480700
2021-04-13,128.50999450683594,130.2899932861328,125.36000061035156,129.82000732421875,125.9089584350586,1941600
2021-04-14,130.13999938964844,131.85000610351562,128.64999389648438,129.0500030517578,125.16216278076172,2409700
2021-04-15,129.72000122070312,130.1699981689453,127.12000274658205,127.91999816894533,124.06619262695312,1394100
2021-04-16,127.63999938964844,129.02000427246094,126.25,127.27999877929688,123.44547271728516,1296100
2021-04-19,126.56999969482422,127.66999816894533,125.5,126.27999877929688,122.47560119628906,1377300
2021-04-20,125.11000061035156,125.72000122070312,119.73999786376952,121.63999938964844,117.9753875732422,2812600
2021-04-21,121.5,126.0500030517578,120.3499984741211,125.98999786376952,122.19432830810548,1926200
2021-04-22,124.61000061035156,126.70999908447266,122.70999908447266,124.37999725341795,120.6328353881836,2300100
2021-04-23,125.54000091552734,126.22000122070312,123.66000366210938,124.1500015258789,120.4097671508789,2618400
2021-04-26,124.7300033569336,127.22000122070312,124.5999984741211,125.0,121.2341766357422,2087100
2021-04-27,125.12999725341795,128.02999877929688,124.1999969482422,127.75,123.90131378173828,1567600
2021-04-28,128.0399932861328,130.74000549316406,126.3000030517578,130.27000427246094,126.34539794921876,2103400
2021-04-29,131.7100067138672,132.10000610351562,125.12999725341795,129.02999877929688,125.14275360107422,2617700
2021-04-30,127.6999969482422,129.3000030517578,126.94000244140624,128.39999389648438,124.53172302246094,1275100
2021-05-03,128.6999969482422,130.64999389648438,128.02999877929688,128.86000061035156,124.97786712646484,1494100
2021-05-04,128.1199951171875,128.2899932861328,121.8000030517578,124.3499984741211,120.603759765625,4818700
2021-05-05,126.75,129.33999633789062,125.83999633789062,127.80999755859376,123.95950317382812,2342500
2021-05-06,126.5999984741211,127.2300033569336,121.18000030517578,122.77999877929688,119.08104705810548,2885200
2021-05-07,123.4000015258789,126.62000274658205,122.27999877929688,126.29000091552734,122.48529815673828,1654900
2021-05-10,127.0,128.0500030517578,125.37000274658205,125.7300033569336,121.94216918945312,2571600
2021-05-11,124.6999969482422,129.7899932861328,123.79000091552734,125.0,121.2341766357422,3799300
2021-05-12,123.62999725341795,125.31999969482422,120.25,120.91000366210938,117.2673797607422,2869400
2021-05-13,122.27999877929688,125.27999877929688,120.01000213623048,122.41999816894533,118.73190307617188,2602100
2021-05-14,123.94000244140624,127.22000122070312,122.76000213623048,126.66999816894533,122.8538589477539,2017400
2021-05-17,125.43000030517578,125.6999969482422,121.36000061035156,124.7300033569336,120.97229766845705,2710200
2021-05-18,125.54000091552734,128.5,125.43000030517578,126.13999938964844,122.3398208618164,2015100
2021-05-19,123.8000030517578,126.38999938964844,122.91999816894533,126.3000030517578,122.49500274658205,2181900
2021-05-20,126.27999877929688,127.4000015258789,124.5500030517578,126.62999725341795,122.81504821777344,1908500
2021-05-21,127.73999786376952,129.00999450683594,126.52999877929688,127.36000061035156,123.5230712890625,1889100
2021-05-24,127.6500015258789,130.36000061035156,126.0,129.4600067138672,125.55979919433594,1706400
2021-05-25,130.5399932861328,132.24000549316406,128.1199951171875,129.02999877929688,125.14275360107422,1730800
2021-05-26,130.00999450683594,132.8000030517578,129.1999969482422,132.4499969482422,128.459716796875,2571900
2021-05-27,132.97000122070312,133.1300048828125,131.1199951171875,132.6699981689453,128.67311096191406,1544000
2021-05-28,133.24000549316406,133.3300018310547,131.14999389648438,131.8699951171875,127.8971939086914,1239300
2021-06-01,134.19000244140625,136.2100067138672,133.25999450683594,135.61000061035156,131.52452087402344,2234400
2021-06-02,136.00999450683594,136.8300018310547,133.5500030517578,134.64999389648438,130.5934295654297,1582600
2021-06-03,133.02999877929688,133.11000061035156,129.05999755859375,129.0800018310547,125.19124603271484,2944700
2021-06-04,130.1300048828125,130.16000366210938,127.68000030517578,128.16000366210938,124.2989730834961,2149400
2021-06-07,127.43000030517578,129.16000366210938,125.1999969482422,129.10000610351562,125.21066284179688,3075200
2021-06-08,129.75,129.75,126.87000274658205,128.0500030517578,124.19229125976562,1569300
2021-06-09,128.24000549316406,128.2899932861328,126.5999984741211,126.66999816894533,122.8538589477539,1828200
2021-06-10,126.77999877929688,127.3499984741211,125.04000091552734,126.16999816894533,122.36890411376952,1656200
2021-06-11,126.23999786376952,127.2699966430664,124.7699966430664,127.16999816894533,123.33878326416016,1207200
2021-06-14,127.1999969482422,127.5199966430664,123.9000015258789,124.9499969482422,121.18566131591795,3051900
2021-06-15,124.9499969482422,126.20999908447266,124.56999969482422,125.4000015258789,121.6221160888672,1658200
2021-06-16,125.12000274658205,126.18000030517578,123.72000122070312,125.4499969482422,121.67060089111328,1622800
2021-06-17,125.76000213623048,129.32000732421875,124.51000213623048,125.3000030517578,121.52511596679688,2313900
2021-06-18,124.0,125.04000091552734,122.76000213623048,124.44000244140624,120.6910400390625,2526800
2021-06-21,125.19000244140624,127.7699966430664,123.52999877929688,127.61000061035156,123.76554107666016,1735800
2021-06-22,126.2699966430664,127.54000091552734,124.30999755859376,126.76000213623048,122.94113159179688,2067600
2021-06-23,127.38999938964844,128.47999572753906,124.9800033569336,125.9499969482422,122.15553283691406,1864300
2021-06-24,126.87999725341795,127.6500015258789,124.12999725341795,124.1500015258789,120.4097671508789,2721300
2021-06-25,124.33999633789062,125.0999984741211,123.2300033569336,124.05999755859376,120.32247924804688,3498300
2021-06-28,123.80999755859376,123.80999755859376,119.8000030517578,120.76000213623048,117.12191009521484,3935700
2021-06-29,120.9499969482422,122.80999755859376,120.83000183105467,121.63999938964844,117.9753875732422,2710200
2021-06-30,123.13999938964844,125.16999816894533,121.95999908447266,122.3000030517578,118.61550903320312,3847000
2021-07-01,123.5,124.5199966430664,122.19000244140624,122.4000015258789,118.71249389648438,2017500
2021-07-02,123.18000030517578,123.18000030517578,121.04000091552734,121.5,117.83959197998048,2050900
2021-07-06,122.0,122.0,116.80999755859376,116.9000015258789,113.3781967163086,3790000
2021-07-07,117.87999725341795,117.87999725341795,112.33999633789062,112.91000366210938,109.50839233398438,4946200
2021-07-08,110.6500015258789,112.91000366210938,109.91999816894533,111.66000366210938,108.29605102539062,3661000
2021-07-09,113.1999969482422,114.94000244140624,112.33999633789062,113.87000274658205,110.43949127197266,3131900
2021-07-12,113.27999877929688,114.0999984741211,111.70999908447266,114.01000213623048,110.57526397705078,1766800
2021-07-13,112.93000030517578,113.3000030517578,111.37999725341795,111.5500030517578,108.18936920166016,2011700
2021-07-14,112.1999969482422,113.31999969482422,109.8000030517578,110.70999908447266,107.37467193603516,1990500
2021-07-15,109.8000030517578,110.66000366210938,106.75,108.2300033569336,104.96939086914062,2786600
2021-07-16,109.0999984741211,109.47000122070312,104.16999816894533,104.6999969482422,101.54574584960938,2608600
2021-07-19,100.52999877929688,105.0,100.25,104.73999786376952,101.5845184326172,4278800
2021-07-20,104.6999969482422,107.66000366210938,103.38999938964844,106.56999969482422,103.3593978881836,3330100
2021-07-21,107.87999725341795,109.9800033569336,107.2699966430664,109.58999633789062,106.28840637207033,2415500
2021-07-22,108.06999969482422,109.0999984741211,106.05999755859376,107.4000015258789,104.16439056396484,1913300
2021-07-23,107.48999786376952,107.75,103.4000015258789,103.56999969482422,100.44977569580078,3621600
2021-07-26,102.63999938964844,104.47000122070312,100.76000213623048,104.31999969482422,101.17718505859376,4127700
2021-07-27,101.01000213623048,102.8499984741211,98.4000015258789,100.33999633789062,97.31708526611328,5198400
2021-07-28,101.2699966430664,103.0,99.80999755859376,102.16000366210938,99.0822525024414,2749200
2021-07-29,102.56999969482422,103.0,99.62999725341795,99.76000213623048,96.75456237792967,3279400
2021-07-30,98.87000274658205,101.06999969482422,97.91000366210938,98.33000183105467,95.3676528930664,2771400
2021-08-02,100.0,101.9000015258789,98.16000366210938,98.37000274658205,95.4064483642578,2761600
2021-08-03,97.88999938964844,98.3000030517578,93.4000015258789,95.08000183105467,92.2155532836914,4945200
2021-08-04,94.08000183105467,95.58000183105467,90.26000213623048,91.08999633789062,88.34575653076172,7400100
2021-08-05,92.54000091552734,98.87000274658205,92.01000213623048,98.68000030517578,95.70708465576172,6750200
2021-08-06,99.33999633789062,100.8000030517578,97.7300033569336,98.9000015258789,95.92047119140624,3221500
2021-08-09,96.6999969482422,97.13999938964844,93.58999633789062,96.13999938964844,93.24361419677734,4877900
2021-08-10,96.3000030517578,97.93000030517578,96.29000091552734,97.44000244140624,94.5044403076172,2079700
2021-08-11,97.12999725341795,98.06999969482422,96.08000183105467,97.83999633789062,94.89240264892578,1898900
2021-08-12,97.76000213623048,97.9000015258789,95.91000366210938,97.1999969482422,94.27166748046876,1881400
2021-08-13,97.0,97.0,95.18000030517578,95.5199966430664,92.6422882080078,1596300
2021-08-16,94.38999938964844,94.5,92.51000213623048,93.70999908447266,90.8868179321289,2209300
2021-08-17,92.45999908447266,92.5199966430664,90.29000091552734,91.95999908447266,89.18954467773438,3190300
2021-08-18,92.27999877929688,93.8000030517578,91.1999969482422,92.3499984741211,89.56779479980469,2942700
2021-08-19,90.08999633789062,90.97000122070312,87.5199966430664,88.68000030517578,86.00837707519531,4804000
2021-08-20,88.70999908447266,89.19999694824219,87.80999755859375,88.30000305175781,85.63980865478516,3085700
2021-08-23,90.41000366210938,92.9800033569336,89.81999969482422,92.93000030517578,90.13033294677734,4058100
2021-08-24,96.19000244140624,100.33000183105467,95.73999786376952,99.44000244140624,96.4441909790039,7375600
2021-08-25,99.48999786376952,101.83000183105467,98.37999725341795,100.83999633789062,97.8020248413086,3406400
2021-08-26,100.05999755859376,102.97000122070312,99.01000213623048,99.58000183105467,96.5799789428711,3090400
2021-08-27,99.69000244140624,101.80999755859376,99.63999938964844,101.0500030517578,98.00569152832033,2276800
2021-08-30,101.7699966430664,101.97000122070312,99.66999816894533,99.88999938964844,96.8806610107422,2445800
2021-08-31,100.0,102.62999725341795,100.0,101.69000244140624,98.6264190673828,2627000
2021-09-01,103.0500030517578,103.25,100.5999984741211,100.9800033569336,97.93781280517578,2450900
2021-09-02,101.16000366210938,102.8499984741211,100.2300033569336,102.0,98.92707824707033,2367900
2021-09-03,101.93000030517578,102.68000030517578,99.29000091552734,100.3000030517578,97.27828979492188,2377900
2021-09-07,100.5999984741211,106.55999755859376,99.9000015258789,105.93000030517578,102.7386703491211,5060700
2021-09-08,106.26000213623048,107.44000244140624,102.44000244140624,104.62000274658205,101.46813201904295,3358700
2021-09-09,104.33000183105467,105.9000015258789,103.2699966430664,103.93000030517578,100.7989273071289,2400100
2021-09-10,105.08999633789062,105.4499969482422,101.08999633789062,101.54000091552734,98.48092651367188,2170300
2021-09-13,102.11000061035156,104.2699966430664,99.6999969482422,103.4800033569336,100.36248779296876,2699300
2021-09-14,95.38999938964844,95.5,89.25,92.25,89.4708023071289,25730100
2021-09-15,85.69000244140625,86.4800033569336,82.55000305175781,86.44000244140625,83.83586120605469,26088800
2021-09-16,83.91000366210938,85.41999816894531,82.80999755859375,84.37000274658203,81.82821655273438,13217800
2021-09-17,84.16000366210938,84.93000030517578,82.87999725341797,83.29000091552734,80.78073120117188,8730600
2021-09-20,80.36000061035156,84.08999633789062,79.9000015258789,82.11000061035156,79.63628387451172,13197800
2021-09-21,82.51000213623047,83.47000122070312,78.55000305175781,78.7699966430664,76.39690399169922,10372200
2021-09-22,79.19999694824219,81.97000122070312,79.0999984741211,80.79000091552734,78.3560562133789,6067400
2021-09-23,81.33000183105469,84.37999725341797,80.83000183105469,83.83000183105469,81.30448913574219,6526500
2021-09-24,83.12999725341797,86.0,82.19000244140625,82.87999725341797,80.38310241699219,8009100
2021-09-27,81.66000366210938,86.88999938964844,81.62999725341797,85.37999725341797,82.80778503417969,6511000
2021-09-28,84.87999725341797,86.75,84.01000213623047,84.30999755859375,81.77001953125,4644800
2021-09-29,84.83999633789062,84.93000030517578,83.20999908447266,83.62999725341797,81.11051940917969,4111200
2021-09-30,84.0,85.44999694824219,82.81999969482422,84.75,82.19676208496094,4163000
2021-10-01,85.77999877929688,87.5,85.04000091552734,87.20999908447266,84.5826416015625,4605500
2021-10-04,87.0,88.44000244140625,83.29000091552734,83.55999755859375,81.04261016845703,4623800
2021-10-05,83.97000122070312,86.3499984741211,83.12000274658203,85.05000305175781,82.48772430419922,3642500
2021-10-06,84.0,84.9000015258789,82.69999694824219,84.25,81.7118148803711,3065200
2021-10-07,85.1500015258789,86.36000061035156,84.08000183105469,85.48999786376953,82.91445922851562,2737900
2021-10-08,85.91999816894531,86.97000122070312,85.01000213623047,86.05999755859375,83.46729278564453,2380000
2021-10-11,86.13999938964844,90.48999786376952,86.01000213623047,88.9800033569336,86.2993392944336,8301500
2021-10-12,89.69000244140625,92.55999755859376,89.05000305175781,91.44000244140624,88.68521881103516,4933200
2021-10-13,91.13999938964844,92.48999786376952,90.2300033569336,92.44000244140624,89.65508270263672,3645700
2021-10-14,93.1500015258789,93.8499984741211,90.62000274658205,91.63999938964844,88.87918853759766,3753100
2021-10-15,92.62999725341795,93.4000015258789,90.58000183105467,90.70999908447266,87.97720336914062,2600700
2021-10-18,90.83000183105467,92.2699966430664,89.8499984741211,90.8000030517578,88.06449890136719,2066100
2021-10-19,91.25,91.8499984741211,90.62000274658205,91.62000274658205,88.85980224609375,1879500
2021-10-20,91.9000015258789,92.4499969482422,90.05000305175781,90.94000244140624,88.20027160644531,2256100
2021-10-21,89.80000305175781,91.47000122070312,89.72000122070312,91.08000183105467,88.33605194091797,2083500
2021-10-22,90.79000091552734,90.91999816894533,88.75,89.0999984741211,86.41571044921875,2754800
2021-10-25,89.44000244140625,90.83000183105467,88.41000366210938,90.41999816894533,87.69593811035156,2668000
2021-10-26,91.88999938964844,94.37999725341795,91.4499969482422,92.16000366210938,89.3835220336914,2915000
2021-10-27,92.1999969482422,93.66999816894533,91.62999725341795,91.79000091552734,89.02467346191406,2520800
2021-10-28,92.0,92.02999877929688,90.05000305175781,90.77999877929688,88.04511260986328,2186300
2021-10-29,90.6500015258789,91.4499969482422,88.7699966430664,89.80000305175781,87.09461975097656,2958200
2021-11-01,90.0,93.91999816894533,89.05000305175781,93.69000244140624,90.86743927001952,3062400
2021-11-02,93.44000244140624,93.54000091552734,90.56999969482422,91.5500030517578,88.79191589355469,2423900
2021-11-03,91.08999633789062,94.16999816894533,90.12999725341795,93.4800033569336,90.66375732421876,2534800
2021-11-04,94.22000122070312,94.7699966430664,90.97000122070312,91.0999984741211,88.35546112060547,2876300
2021-11-05,93.52999877929688,97.93000030517578,93.52999877929688,96.91999816894533,94.0001220703125,5371700
2021-11-08,98.5999984741211,98.5999984741211,94.58999633789062,94.8499984741211,91.99248504638672,3136600
2021-11-09,95.27999877929688,96.37999725341795,92.06999969482422,94.12000274658205,91.28449249267578,4844300
2021-11-10,92.86000061035156,98.36000061035156,91.19000244140624,92.0199966430664,89.24774932861328,8679800
2021-11-11,92.18000030517578,95.41999816894533,91.33000183105467,94.37999725341795,91.53663635253906,3748700
2021-11-12,94.25,95.0,92.12999725341795,93.9499969482422,91.1195831298828,3899900
2021-11-15,94.61000061035156,98.8499984741211,94.55999755859376,98.0500030517578,95.0960922241211,4317700
2021-11-16,98.83000183105467,99.0,96.26000213623048,97.68000030517578,94.73721313476562,2820700
2021-11-17,97.5,98.54000091552734,94.83000183105467,95.0,92.13796997070312,2413600
2021-11-18,95.1500015258789,95.33000183105467,89.55000305175781,90.4800033569336,87.75413513183594,4363300
2021-11-19,90.66000366210938,92.29000091552734,89.44999694824219,90.70999908447266,87.97720336914062,2608500
2021-11-22,92.37999725341795,95.6999969482422,91.69000244140624,94.33999633789062,91.4978485107422,4284900
2021-11-23,95.19000244140624,95.5,91.30999755859376,91.69000244140624,88.92768859863281,3132300
2021-11-24,90.75,92.77999877929688,89.94000244140625,91.1999969482422,88.45243072509766,1831600
2021-11-26,84.22000122070312,86.38999938964844,82.6500015258789,85.69000244140625,83.10844421386719,5818400
2021-11-29,85.77999877929688,85.98999786376953,82.22000122070312,83.0,80.4994888305664,5145100
2021-11-30,81.79000091552734,83.87999725341797,78.44999694824219,81.01000213623047,78.56944274902344,5603600
2021-12-01,82.0,83.37999725341797,76.02999877929688,76.05999755859375,73.76856994628906,6859200
2021-12-02,78.12000274658203,82.75,76.83999633789062,82.29000091552734,79.81086730957031,8029100
2021-12-03,81.66000366210938,82.36000061035156,79.0,80.0999984741211,77.68685150146484,5199900
2021-12-06,80.91999816894531,87.0199966430664,80.75,84.91000366210938,82.35194396972656,5055500
2021-12-07,87.7699966430664,89.5,85.80999755859375,86.44000244140625,83.83586120605469,3617100
2021-12-08,87.98999786376953,90.3000030517578,87.12999725341797,88.16999816894531,85.51372528076172,2836200
2021-12-09,86.27999877929688,88.91000366210938,86.2300033569336,87.52999877929688,84.89300537109375,2068000
2021-12-10,87.48999786376953,88.66999816894531,86.36000061035156,87.58000183105469,84.9415054321289,1697000
2021-12-13,86.0,86.9000015258789,83.08999633789062,84.7699966430664,82.2161636352539,2610200
2021-12-14,83.0,84.5,82.30999755859375,83.31999969482422,80.80985260009766,2908600
2021-12-15,83.11000061035156,83.16000366210938,79.72000122070312,82.70999908447266,80.21822357177734,3157600
2021-12-16,83.48999786376953,83.97000122070312,80.16999816894531,80.55999755859375,78.13298797607422,2985500
2021-12-17,79.5,82.55000305175781,77.87999725341797,82.2699966430664,79.7914810180664,4516400
2021-12-20,80.05000305175781,82.37999725341797,79.41000366210938,80.79000091552734,78.3560562133789,2831000
2021-12-21,81.88999938964844,86.7300033569336,81.75,86.31999969482422,83.7194595336914,3648600
2021-12-22,85.9000015258789,87.08000183105469,84.9000015258789,85.87000274658203,83.28301239013672,2241800
2021-12-23,90.1999969482422,90.48999786376952,87.2699966430664,88.87999725341797,86.20233917236328,3336200
2021-12-27,87.95999908447266,88.0,85.9000015258789,87.58000183105469,84.9415054321289,2212800
2021-12-28,86.5999984741211,88.48999786376953,86.1500015258789,86.45999908447266,83.8552474975586,1758900
2021-12-29,86.08000183105469,86.30999755859375,84.31999969482422,84.9800033569336,82.41983032226562,2440100
2021-12-30,84.68000030517578,87.97000122070312,84.54000091552734,86.1500015258789,83.55457305908203,2457700
2021-12-31,85.51000213623047,86.83999633789062,84.88999938964844,85.04000091552734,82.47801971435547,2406200
2022-01-03,86.06999969482422,89.1500015258789,85.9800033569336,87.7699966430664,85.12577056884766,2437800
2022-01-04,88.8499984741211,89.19999694824219,86.44999694824219,87.48999786376953,84.85420989990234,2292300
2022-01-05,86.63999938964844,87.7699966430664,83.73999786376953,84.25,81.7118148803711,3439900
2022-01-06,85.26000213623047,86.0999984741211,83.22000122070312,84.63999938964844,82.09007263183594,2583200
2022-01-07,84.58000183105469,86.37999725341797,84.48999786376953,84.55000305175781,82.0027847290039,1720400
2022-01-10,84.12999725341797,84.69999694824219,79.81999969482422,82.16999816894531,79.69448852539062,3340000
2022-01-11,81.33000183105469,86.19999694824219,81.12999725341797,85.30000305175781,82.73018646240234,3198800
2022-01-12,86.16999816894531,87.05999755859375,85.52999877929688,85.80000305175781,83.21512603759766,2636000
2022-01-13,85.91999816894531,87.44000244140625,83.91000366210938,84.2300033569336,81.69244384765625,2403800
2022-01-14,91.48999786376952,92.37999725341795,89.02999877929688,91.47000122070312,88.71430969238281,10750500
2022-01-18,90.81999969482422,93.68000030517578,89.6500015258789,91.08999633789062,88.34575653076172,3595200
2022-01-19,91.62000274658205,92.0500030517578,88.94999694824219,89.05999755859375,86.37689971923828,3154800
2022-01-20,89.97000122070312,90.87999725341795,86.79000091552734,87.0999984741211,84.47596740722656,3178300
2022-01-21,86.87000274658203,87.91999816894531,84.36000061035156,85.6500015258789,83.06964874267578,3871800
2022-01-24,81.80000305175781,84.91000366210938,78.69000244140625,84.80000305175781,82.2452621459961,5484500
2022-01-25,82.76000213623047,87.56999969482422,81.83999633789062,86.45999908447266,83.8552474975586,3114200
2022-01-26,87.77999877929688,89.4000015258789,85.22000122070312,86.12999725341797,83.5351791381836,3153000
2022-01-27,86.56999969482422,86.91000366210938,82.0199966430664,82.75,80.25702667236328,2870400
2022-01-28,83.0199966430664,84.16999816894531,81.02999877929688,84.12999725341797,81.59542846679688,2296000
2022-01-31,83.56999969482422,85.72000122070312,82.62999725341797,85.44999694824219,82.87567901611328,2949500
2022-02-01,85.80000305175781,88.51000213623047,85.16000366210938,88.19000244140625,85.53312683105469,2931600
2022-02-02,87.93000030517578,88.06999969482422,85.47000122070312,86.12000274658203,83.5254898071289,2750900
2022-02-03,85.47000122070312,87.18000030517578,84.16999816894531,84.2300033569336,81.69244384765625,2631400
2022-02-04,83.69999694824219,85.91999816894531,82.81999969482422,85.5,82.9241714477539,2884400
2022-02-07,85.91999816894531,89.08000183105469,85.5999984741211,88.08999633789062,85.4361343383789,3352500
2022-02-08,88.69999694824219,90.80999755859376,87.77999877929688,89.83999633789062,87.13340759277344,3248100
2022-02-09,91.19000244140624,94.1500015258789,90.37000274658205,93.79000091552734,90.96443176269533,3521600
2022-02-10,92.8000030517578,95.56999969482422,92.27999877929688,94.18000030517578,91.34265899658205,3357400
2022-02-11,94.25,96.4499969482422,91.2300033569336,91.91000366210938,89.14106750488281,4205400
2022-02-14,92.1500015258789,94.38999938964844,91.3499984741211,92.05999755859376,89.28653717041016,2323500
2022-02-15,93.69000244140624,96.5,92.8499984741211,96.26000213623048,93.3600082397461,4095700
2022-02-16,93.2699966430664,95.66999816894533,91.87999725341795,94.2300033569336,91.39116668701172,4118900
2022-02-17,93.5,95.47000122070312,93.04000091552734,93.87000274658205,91.04200744628906,2704600
2022-02-18,93.16000366210938,95.0500030517578,92.13999938964844,93.1500015258789,90.3437042236328,3008900
2022-02-22,91.72000122070312,91.88999938964844,87.4000015258789,88.55000305175781,85.88228607177734,4338800
2022-02-23,89.98999786376953,90.52999877929688,86.87000274658203,87.19000244140625,84.56327056884766,2156100
2022-02-24,82.16999816894531,86.80000305175781,81.69999694824219,86.4800033569336,83.87464141845703,4455400
2022-02-25,86.93000030517578,87.79000091552734,84.69999694824219,87.7699966430664,85.12577056884766,2605700
2022-02-28,86.6500015258789,87.62000274658203,84.44999694824219,86.5199966430664,83.91342163085938,2395600
2022-03-01,85.91000366210938,86.63999938964844,81.01000213623047,81.63999938964844,79.18045043945312,4410200
2022-03-02,83.91000366210938,89.91000366210938,83.62000274658203,88.62999725341797,85.95986938476562,6974200
2022-03-03,87.95999908447266,88.22000122070312,84.5999984741211,85.29000091552734,82.72049713134766,4454900
2022-03-04,84.36000061035156,84.87000274658203,80.26000213623047,81.2699966430664,78.82159423828125,5060200
2022-03-07,80.54000091552734,80.88999938964844,72.0,72.06999969482422,69.89876556396484,6379900
2022-03-08,73.01000213623047,75.52999877929688,70.27999877929688,71.73999786376953,69.57869720458984,4978600
2022-03-09,75.12999725341797,78.8499984741211,74.95999908447266,77.2699966430664,74.94210052490234,5575500
2022-03-10,75.37999725341797,78.05000305175781,74.81999969482422,76.52999877929688,74.22439575195312,2337900
2022-03-11,77.6500015258789,77.93000030517578,72.16999816894531,72.31999969482422,70.1412353515625,3624700
2022-03-14,70.19999694824219,70.43000030517578,66.36000061035156,66.87999725341797,64.86511993408203,6019000
2022-03-15,66.41999816894531,70.4000015258789,66.33000183105469,69.5199966430664,67.42559051513672,4779700
2022-03-16,72.62000274658203,75.87000274658203,72.12999725341797,75.16999816894531,72.90536499023438,4677800
2022-03-17,74.01000213623047,77.43000030517578,73.80000305175781,76.91000366210938,74.59296417236328,2918300
2022-03-18,75.62999725341797,79.70999908447266,75.30999755859375,79.6500015258789,77.25041198730469,3715600
2022-03-21,78.97000122070312,79.63999938964844,77.29000091552734,78.30000305175781,75.94107818603516,2647900
2022-03-22,78.33000183105469,81.23999786376953,78.2300033569336,79.93000030517578,77.52198791503906,2732300
2022-03-23,79.27999877929688,80.37000274658203,78.47000122070312,78.63999938964844,76.27084350585938,1636700
2022-03-24,79.30999755859375,81.79000091552734,77.69999694824219,81.37000274658203,78.9186019897461,2598900
2022-03-25,80.76000213623047,81.70999908447266,79.79000091552734,80.2699966430664,77.85172271728516,1655500
2022-03-28,80.5,81.08000183105469,77.87000274658203,80.12999725341797,77.71593475341797,2013300
2022-03-29,81.69999694824219,83.76000213623047,81.05999755859375,81.75,79.28713989257812,2771000
2022-03-30,81.3499984741211,82.55000305175781,80.30000305175781,81.16999816894531,78.724609375,1456900
2022-03-31,81.37000274658203,82.72000122070312,79.69000244140625,79.73999786376953,77.33769226074219,2382900
2022-04-01,81.76000213623047,83.2699966430664,80.1500015258789,80.62999725341797,78.20088195800781,3117800
2022-04-04,81.04000091552734,83.18000030517578,80.2699966430664,81.83999633789062,79.37444305419922,2171400
2022-04-05,81.6500015258789,82.38999938964844,78.27999877929688,79.06999969482422,76.6878890991211,2807100
2022-04-06,77.47000122070312,77.7699966430664,75.05999755859375,76.16999816894531,73.87525177001953,2926500
2022-04-07,75.94000244140625,76.13999938964844,71.52999877929688,73.97000122070312,71.74151611328125,3437600
2022-04-08,73.41999816894531,74.25,72.01000213623047,72.2300033569336,70.05394744873047,2423600
2022-04-11,71.30000305175781,73.76000213623047,70.37999725341797,71.29000091552734,69.14226531982422,2483800
2022-04-12,72.5999984741211,73.62999725341797,71.11000061035156,71.5,69.34593963623047,1956300
2022-04-13,72.3499984741211,74.45999908447266,72.18000030517578,73.56999969482422,71.35356903076172,2171300
2022-04-14,73.41999816894531,74.77999877929688,73.11000061035156,73.97000122070312,71.74151611328125,1618500
2022-04-18,73.5,73.77999877929688,72.25,73.45999908447266,71.24689483642578,1677800
2022-04-19,73.80000305175781,78.66000366210938,73.76000213623047,77.80000305175781,75.45614624023438,3531200
2022-04-20,77.80999755859375,79.27999877929688,77.55999755859375,77.75,75.40764617919922,1964100
2022-04-21,78.86000061035156,79.72000122070312,74.83999633789062,75.41999816894531,73.14784240722656,2612300
2022-04-22,75.41999816894531,76.3499984741211,73.05000305175781,73.19999694824219,70.99471282958984,2361500
2022-04-25,71.0199966430664,72.58000183105469,70.08000183105469,72.20999908447266,70.03456115722656,2492100
2022-04-26,71.1500015258789,71.5999984741211,67.9000015258789,68.22000122070312,66.16474914550781,3700000
2022-04-27,68.30000305175781,69.5999984741211,66.01000213623047,67.94999694824219,65.90289306640625,3062500
2022-04-28,68.9800033569336,71.47000122070312,66.80999755859375,70.73999786376953,68.60881805419922,2521200
2022-04-29,70.91000366210938,74.30000305175781,70.29000091552734,70.4800033569336,68.3566665649414,2422500
2022-05-02,70.95999908447266,72.25,69.0199966430664,71.70999908447266,69.54961395263672,2181800
2022-05-03,71.80000305175781,73.18000030517578,70.44000244140625,71.69000244140625,69.53021240234375,1846000
2022-05-04,71.8499984741211,72.62999725341797,68.13999938964844,71.95999908447266,69.79207611083984,3562100
2022-05-05,70.98999786376953,71.16000366210938,67.52999877929688,68.48999786376953,66.42662048339844,2944500
2022-05-06,67.77999877929688,68.61000061035156,65.37000274658203,66.30000305175781,64.30260467529297,2935000
2022-05-09,64.83000183105469,65.30000305175781,61.02999877929688,61.33000183105469,59.48233795166016,4649600
2022-05-10,62.63999938964844,63.40999984741211,59.720001220703125,61.650001525878906,59.79268646240234,5824600
2022-05-11,61.150001525878906,63.380001068115234,58.59999847412109,58.84999847412109,57.0770378112793,6717600
2022-05-12,58.0,59.900001525878906,56.36000061035156,58.560001373291016,56.795780181884766,5424300
2022-05-13,60.77000045776367,66.72000122070312,60.72999954223633,66.2699966430664,64.27350616455078,5999600
2022-05-16,64.93000030517578,67.56999969482422,63.790000915527344,63.93999862670898,62.01369094848633,3646200
2022-05-17,65.95999908447266,67.12999725341797,64.66000366210938,66.4000015258789,64.39958953857422,4040500
2022-05-18,65.69999694824219,65.95999908447266,62.25,62.81999969482422,60.92744064331055,2856600
2022-05-19,62.119998931884766,64.52999877929688,62.0,62.79999923706055,60.90804290771485,2092700
2022-05-20,64.11000061035156,64.5,61.16999816894531,63.06999969482422,61.1699104309082,2430600
2022-05-23,63.43000030517578,63.68999862670898,61.119998931884766,61.93999862670898,60.07395935058594,2311800
2022-05-24,60.7599983215332,61.0,57.40999984741211,58.18999862670898,56.43692779541016,4067900
2022-05-25,57.56999969482422,60.220001220703125,57.5,59.720001220703125,57.92084503173828,2847100
2022-05-26,60.29999923706055,65.20999908447266,60.290000915527344,64.43000030517578,62.48893356323242,2783500
2022-05-27,65.06999969482422,65.86000061035156,64.5999984741211,65.26000213623047,63.29393768310547,2029000
2022-05-31,66.0199966430664,67.16999816894531,64.61000061035156,66.0999984741211,64.1086196899414,2684200
2022-06-01,67.27999877929688,68.33999633789062,63.970001220703125,65.12999725341797,63.1678466796875,3006900
2022-06-02,65.22000122070312,67.06999969482422,65.12999725341797,66.66999816894531,64.66145324707031,2420800
2022-06-03,65.61000061035156,66.33000183105469,64.83999633789062,65.2300033569336,63.26483917236328,1469600
2022-06-06,66.7699966430664,69.33000183105469,66.16000366210938,66.83999633789062,64.82633209228516,2437100
2022-06-07,65.48999786376953,67.51000213623047,65.19000244140625,67.45999908447266,65.42764282226562,1303200
2022-06-08,67.47000122070312,70.73999786376953,67.30999755859375,70.27999877929688,68.16268920898438,2546900
2022-06-09,69.37000274658203,69.4000015258789,66.20999908447266,66.27999877929688,64.28321838378906,2755100
2022-06-10,64.5199966430664,65.62000274658203,61.68000030517578,62.290000915527344,60.41341018676758,3045900
2022-06-13,59.31999969482422,59.95000076293945,56.790000915527344,57.61000061035156,55.87439727783203,6556300
2022-06-14,58.11000061035156,59.86000061035156,57.400001525878906,58.0099983215332,56.26234817504883,3987400
2022-06-15,58.58000183105469,60.95000076293945,58.13999938964844,59.34000015258789,57.552284240722656,3395100
2022-06-16,57.630001068115234,58.13999938964844,54.20000076293945,54.4900016784668,52.84839630126953,4179400
2022-06-17,55.11000061035156,55.81999969482422,53.59999847412109,54.959999084472656,53.30424499511719,3708400
2022-06-21,56.09999847412109,56.540000915527344,54.25,54.29999923706055,52.66411972045898,3871000
2022-06-22,53.08000183105469,54.95000076293945,52.880001068115234,53.400001525878906,51.79123306274414,3376400
2022-06-23,53.41999816894531,53.970001220703125,50.20000076293945,52.02000045776367,50.45281219482422,5593100
2022-06-24,52.83000183105469,58.29999923706055,52.68999862670898,58.290000915527344,56.53390884399414,8445300
2022-06-27,58.54999923706055,59.2400016784668,56.68000030517578,57.68999862670898,55.95198822021485,2351900
2022-06-28,61.38999938964844,62.9900016784668,59.40999984741211,59.5099983215332,57.7171516418457,5284900
2022-06-29,58.65999984741211,59.20000076293945,56.970001220703125,58.0,56.25264739990234,2871400
2022-06-30,56.84000015258789,58.0099983215332,55.04999923706055,56.97999954223633,55.26337814331055,3350000
2022-07-01,56.720001220703125,58.29999923706055,56.02000045776367,58.18000030517578,56.42723083496094,1717700
2022-07-05,56.75,57.83000183105469,55.52000045776367,57.790000915527344,56.04898071289063,2378500
2022-07-06,57.119998931884766,58.220001220703125,55.400001525878906,55.84000015258789,54.15773010253906,3141600
2022-07-07,56.540000915527344,58.70000076293945,56.36000061035156,57.86000061035156,56.11686706542969,2429300
2022-07-08,57.52000045776367,57.59000015258789,55.7599983215332,56.459999084472656,54.75904846191406,2335000
2022-07-11,53.68999862670898,54.27000045776367,50.810001373291016,52.810001373291016,51.21901321411133,9221800
2022-07-12,52.810001373291016,55.18999862670898,52.7400016784668,54.72999954223633,53.08116912841797,4644500
2022-07-13,53.63999938964844,55.02000045776367,52.810001373291016,54.4900016784668,52.84839630126953,2713100
2022-07-14,53.63999938964844,54.869998931884766,53.18000030517578,54.27999877929688,52.64473342895508,2199800
2022-07-15,54.61000061035156,55.7400016784668,53.84999847412109,55.470001220703125,53.79887390136719,2112600
2022-07-18,56.22999954223633,58.06999969482422,56.22999954223633,56.54999923706055,54.84632873535156,2434100
2022-07-19,57.34000015258789,59.84999847412109,57.34000015258789,59.56999969482422,57.77534866333008,2517100
2022-07-20,60.36000061035156,61.959999084472656,59.75,61.91999816894531,60.0545539855957,2318400
2022-07-21,62.0,63.84000015258789,61.209999084472656,63.68000030517578,61.76153564453125,2952800
2022-07-22,63.93000030517578,64.16999816894531,61.16999816894531,61.72999954223633,59.87027740478516,2532600
2022-07-25,61.86000061035156,62.36000061035156,60.04999923706055,62.22999954223633,60.35521697998047,2179000
2022-07-26,61.88999938964844,62.16999816894531,60.84999847412109,61.25,59.40473556518555,1399600
2022-07-27,62.08000183105469,63.4900016784668,61.75,63.290000915527344,61.38328170776367,1812200
2022-07-28,63.18999862670898,63.84000015258789,61.810001373291016,63.650001525878906,61.73243713378906,1600100
2022-07-29,63.29999923706055,63.68000030517578,61.630001068115234,63.47999954223633,61.56755828857422,1786400
2022-08-01,62.68999862670898,63.790000915527344,61.06999969482422,63.540000915527344,61.625755310058594,2348200
2022-08-02,62.58000183105469,65.1500015258789,62.29999923706055,64.41000366210938,62.469539642333984,1913200
2022-08-03,65.30000305175781,66.66999816894531,65.0,66.29000091552734,64.29290008544922,2050100
2022-08-04,66.80999755859375,67.87999725341797,66.5,67.0999984741211,65.07850646972656,1645200
2022-08-05,65.8499984741211,67.05999755859375,65.72000122070312,66.70999908447266,64.70024108886719,1789600
2022-08-08,67.16000366210938,68.91999816894531,65.86000061035156,65.88999938964844,63.90494155883789,2300800
2022-08-09,65.44000244140625,66.0999984741211,64.01000213623047,66.02999877929688,64.04072570800781,2687100
2022-08-10,64.86000061035156,67.11000061035156,63.75,65.3499984741211,63.381229400634766,4065900
2022-08-11,66.4000015258789,68.94000244140625,65.91999816894531,67.56999969482422,65.53433227539062,4085200
2022-08-12,67.61000061035156,68.7699966430664,66.94000244140625,68.73999786376953,66.66909790039062,1781500
2022-08-15,68.08999633789062,69.55000305175781,67.7699966430664,68.33000183105469,66.27143859863281,1536800
2022-08-16,68.0,68.58000183105469,67.1500015258789,67.83999633789062,65.79621124267578,1534000
2022-08-17,66.80999755859375,66.80999755859375,64.7699966430664,65.41999816894531,63.44911575317383,2125800
2022-08-18,65.23999786376953,65.55999755859375,64.12000274658203,65.51000213623047,63.536399841308594,1945300
2022-08-19,64.79000091552734,65.25,63.560001373291016,63.66999816894531,61.7518310546875,1359400
2022-08-22,62.130001068115234,62.130001068115234,60.34000015258789,60.5,58.67733001708984,2686900
2022-08-23,60.22999954223633,62.22999954223633,60.22999954223633,61.4900016784668,59.63751220703125,1405700
2022-08-24,61.5,63.45000076293945,61.040000915527344,62.81999969482422,60.92744064331055,1337400
2022-08-25,63.59999847412109,65.72000122070312,63.59999847412109,64.94999694824219,62.99326705932617,1486700
2022-08-26,65.2699966430664,66.11000061035156,62.290000915527344,62.33000183105469,60.45220947265625,1599000
2022-08-29,61.65999984741211,62.97999954223633,61.11000061035156,62.40999984741211,60.52979278564453,1127600
2022-08-30,62.720001220703125,63.36000061035156,59.400001525878906,60.209999084472656,58.39606857299805,1887700
2022-08-31,60.75,61.630001068115234,59.86000061035156,60.59000015258789,58.764625549316406,1500100
2022-09-01,59.84000015258789,59.91999816894531,57.25,59.18000030517578,57.39710998535156,2282700
2022-09-02,59.63999938964844,60.40999984741211,58.290000915527344,59.18000030517578,57.39710998535156,1456900
2022-09-06,59.290000915527344,59.5099983215332,57.18999862670898,58.20000076293945,56.446624755859375,1641900
2022-09-07,57.90999984741211,60.380001068115234,57.90999984741211,60.310001373291016,58.49305725097656,1616300
2022-09-08,59.34999847412109,61.7599983215332,58.900001525878906,61.66999816894531,59.81208801269531,1536700
2022-09-09,62.540000915527344,63.22999954223633,62.09999847412109,62.77999877929688,60.88864517211914,1285700
2022-09-12,63.400001525878906,64.80000305175781,63.34999847412109,64.51000213623047,62.566532135009766,2063500
2022-09-13,62.5,64.0999984741211,61.86000061035156,62.68000030517578,60.79166030883789,2626100
2022-09-14,62.63999938964844,62.70000076293945,58.18000030517578,60.68999862670898,58.86159896850586,4424400
2022-09-15,62.09999847412109,66.94999694824219,61.369998931884766,65.2300033569336,63.26483917236328,7090300
2022-09-16,64.19999694824219,65.62000274658203,62.77000045776367,65.41999816894531,63.44911575317383,4050100
2022-09-19,64.31999969482422,67.33000183105469,64.31999969482422,65.88999938964844,63.90494155883789,4435900
2022-09-20,67.5,70.22000122070312,66.69999694824219,67.80000305175781,65.75741577148438,6296700
2022-09-21,67.5,67.5,63.95000076293945,63.9900016784668,62.06219100952149,4437400
2022-09-22,64.56999969482422,64.56999969482422,59.560001373291016,60.18999862670898,58.37667465209961,3951600
2022-09-23,59.16999816894531,59.68999862670898,57.63999938964844,59.650001525878906,57.85294723510742,3175800
2022-09-26,63.68999862670898,68.88999938964844,63.4900016784668,66.80000305175781,64.78753662109375,13687300
2022-09-27,68.08000183105469,69.0999984741211,65.88999938964844,66.55999755859375,64.55476379394531,6141600
2022-09-28,67.02999877929688,67.70999908447266,65.72000122070312,66.76000213623047,64.74874877929688,3625400
2022-09-29,65.91999816894531,65.91999816894531,63.41999816894531,64.3499984741211,62.411354064941406,2382200
2022-09-30,64.0,65.05999755859375,62.83000183105469,63.02999877929688,61.13111114501953,2899800
2022-10-03,63.22999954223633,65.19999694824219,61.369998931884766,64.61000061035156,62.66350555419922,2950500
2022-10-04,66.0,70.79000091552734,66.0,70.73999786376953,68.60881805419922,3863500
2022-10-05,69.62999725341797,72.69000244140625,68.83999633789062,72.18000030517578,70.00545501708984,3229300
2022-10-06,72.2300033569336,74.37000274658203,72.12999725341797,74.16999816894531,71.93550109863281,3422300
2022-10-07,72.9000015258789,73.79000091552734,71.47000122070312,73.08999633789062,70.88803100585938,3061700
2022-10-10,72.0,72.41000366210938,63.630001068115234,64.13999938964844,62.20767211914063,5818600
2022-10-11,63.470001220703125,63.97999954223633,57.41999816894531,59.63999938964844,57.843238830566406,8979900
2022-10-12,59.81999969482422,59.83000183105469,56.84999847412109,58.709999084472656,56.94126892089844,5445100
2022-10-13,56.470001220703125,59.56999969482422,55.34000015258789,57.09999847412109,55.3797607421875,5284800
2022-10-14,57.77999877929688,58.34999847412109,55.08000183105469,56.34999847412109,54.65236282348633,4785800
2022-10-17,57.43999862670898,58.25,56.290000915527344,57.29999923706055,55.57373809814453,3042400
2022-10-18,58.59999847412109,60.470001220703125,56.41999816894531,56.59000015258789,54.8851318359375,4963900
2022-10-19,54.5,56.52000045776367,54.18000030517578,54.47999954223633,52.83869552612305,5105500
2022-10-20,54.68999862670898,58.08000183105469,54.68999862670898,56.130001068115234,54.43899917602539,4988600
2022-10-21,55.81999969482422,58.93999862670898,55.38999938964844,58.79999923706055,57.02854919433594,4224700
2022-10-24,56.56999969482422,57.4900016784668,53.810001373291016,56.52999877929688,54.82693862915039,5602900
2022-10-25,56.9900016784668,58.13999938964844,56.650001525878906,57.43999862670898,55.70952224731445,3688900
2022-10-26,57.36000061035156,58.959999084472656,57.02000045776367,57.130001068115234,55.40886306762695,4663400
2022-10-27,57.27999877929688,58.09999847412109,55.560001373291016,55.790000915527344,54.10923385620117,4279900
2022-10-28,55.400001525878906,58.45000076293945,55.22999954223633,58.29999923706055,56.54361343383789,3550700
2022-10-31,61.68999862670898,65.33999633789062,61.220001220703125,63.900001525878906,61.97490692138672,13995100
2022-11-01,67.0999984741211,68.31999969482422,65.69999694824219,67.86000061035156,65.81560516357422,7590700
2022-11-02,66.5999984741211,70.08000183105469,66.51000213623047,67.12999725341797,65.10759735107422,5438400
2022-11-03,66.25,67.95999908447266,65.12999725341797,66.4800033569336,64.47718811035156,2873600
2022-11-04,69.3499984741211,71.26000213623047,68.33999633789062,70.80999755859375,68.67672729492188,4132400
2022-11-07,70.37000274658203,72.79000091552734,69.87000274658203,72.27999877929688,70.10245513916016,3551800
2022-11-08,72.48999786376953,72.72000122070312,68.9800033569336,70.41999816894531,68.29849243164062,3600900
2022-11-09,69.48999786376953,70.2699966430664,67.97000122070312,68.27999877929688,66.22294616699219,4201200
2022-11-10,71.95999908447266,74.12999725341797,71.41999816894531,72.0,69.83087921142578,4894700
2022-11-11,75.0,78.83000183105469,74.76000213623047,77.9800033569336,75.63070678710938,6394400
2022-11-14,78.37000274658203,79.87999725341797,77.31999969482422,78.06999969482422,75.71800994873047,3274400
2022-11-15,80.0,80.5,77.54000091552734,78.4000015258789,76.03807067871094,2692700
2022-11-16,77.94999694824219,78.41999816894531,76.47000122070312,77.08000183105469,74.75782775878906,2486700
2022-11-17,75.23999786376953,79.01000213623047,74.80000305175781,78.02999877929688,75.6792221069336,2543000
2022-11-18,78.7300033569336,78.9800033569336,75.58000183105469,76.0,73.71037292480469,1930800
2022-11-21,74.12000274658203,74.61000061035156,72.7300033569336,74.33999633789062,72.10037994384766,2094800
2022-11-22,74.37000274658203,75.68000030517578,73.38999938964844,75.56999969482422,73.2933349609375,1374800
2022-11-23,75.02999877929688,75.75,74.44000244140625,75.36000061035156,73.08964538574219,1087700
2022-11-25,75.83000183105469,75.87000274658203,74.30999755859375,74.93000030517578,72.67259216308594,1311600
2022-11-28,78.7300033569336,79.5,75.62000274658203,78.19999694824219,75.84407806396484,7483600
2022-11-29,80.61000061035156,82.41000366210938,79.7300033569336,80.29000091552734,77.87112426757812,4534800
2022-11-30,80.97000122070312,83.93000030517578,80.7699966430664,83.66000366210938,81.13961029052734,4127000
2022-12-01,83.6500015258789,85.13999938964844,83.02999877929688,84.04000091552734,81.50816345214844,2484900
2022-12-02,82.55000305175781,85.79000091552734,82.52999877929688,85.1500015258789,82.584716796875,2537300
2022-12-05,86.54000091552734,87.33999633789062,84.58000183105469,85.7699966430664,83.18602752685547,2429200
2022-12-06,85.97000122070312,86.5,84.9000015258789,85.41000366210938,82.83687591552734,2031000
2022-12-07,83.95999908447266,85.44000244140625,82.83000183105469,84.95999908447266,82.40043640136719,1783900
2022-12-08,87.72000122070312,89.6500015258789,85.79000091552734,86.43000030517578,83.82615661621094,2800300
2022-12-09,86.47000122070312,87.01000213623047,84.62000274658203,84.98999786376953,82.42952728271484,2056800
2022-12-12,84.16000366210938,86.56999969482422,83.25,86.41000366210938,83.80675506591797,1924800
2022-12-13,87.7300033569336,88.61000061035156,85.87000274658203,86.66999816894531,84.0589370727539,2190400
2022-12-14,86.54000091552734,87.6500015258789,85.58000183105469,86.31999969482422,83.7194595336914,1690700
2022-12-15,85.58999633789062,86.76000213623047,84.0199966430664,84.94999694824219,82.3907470703125,2513400
2022-12-16,84.55000305175781,86.2699966430664,83.94999694824219,86.01000213623047,83.4188003540039,2908700
2022-12-19,84.83000183105469,84.95999908447266,80.73999786376953,81.55999755859375,79.10285949707031,3342700
2022-12-20,81.33999633789062,82.75,80.75,82.56999969482422,80.08243560791016,1548000
2022-12-21,83.25,84.80000305175781,82.4000015258789,82.5999984741211,80.11152648925781,1668100
2022-12-22,82.05000305175781,82.83000183105469,80.11000061035156,81.23999786376953,78.79249572753906,4667900
2022-12-23,80.70999908447266,81.3499984741211,79.62999725341797,80.72000122070312,78.28816223144531,1134800
2022-12-27,81.44999694824219,86.0,81.44000244140625,84.33000183105469,81.78942108154297,4026500
2022-12-28,83.5199966430664,83.8499984741211,80.06999969482422,80.08999633789062,77.67713928222656,2131500
2022-12-29,80.44999694824219,82.12999725341797,79.33000183105469,81.26000213623047,78.8119125366211,1431100
2022-12-30,80.16999816894531,82.66000366210938,80.0999984741211,82.47000122070312,79.98545837402344,1614700
2023-01-03,86.12000274658203,86.5,83.93000030517578,85.61000061035156,83.03083801269531,3318600
2023-01-04,86.69999694824219,92.3499984741211,86.69999694824219,90.9000015258789,88.16148376464844,5743600
2023-01-05,89.55000305175781,92.4000015258789,89.16999816894531,91.33999633789062,88.58821868896484,2983000
2023-01-06,91.9800033569336,94.72000122070312,91.63999938964844,93.56999969482422,90.75103759765624,2901900
2023-01-09,94.5999984741211,95.88999938964844,94.20999908447266,94.33000183105467,91.4881362915039,2751000
2023-01-10,94.0999984741211,97.5999984741211,94.0999984741211,97.47000122070312,94.53353881835938,2598300
2023-01-11,96.79000091552734,97.63999938964844,95.52999877929688,96.23999786376952,93.3405990600586,3683500
2023-01-12,96.23999786376952,99.7699966430664,95.69000244140624,98.61000061035156,95.63919830322266,2661700
2023-01-13,98.7300033569336,100.38999938964844,97.87999725341795,100.25,97.22978973388672,1831400
2023-01-17,99.1999969482422,99.72000122070312,97.51000213623048,98.01000213623048,95.05728912353516,2231100
2023-01-18,99.0,99.3000030517578,97.5999984741211,98.36000061035156,95.39674377441406,1879600
2023-01-19,98.16000366210938,99.88999938964844,97.61000061035156,98.93000030517578,95.9495620727539,2086900
2023-01-20,99.12999725341795,100.26000213623048,98.79000091552734,99.2699966430664,96.27932739257812,1967300
2023-01-23,99.2699966430664,100.93000030517578,99.01000213623048,100.29000091552734,97.26859283447266,1683500
2023-01-24,99.51000213623048,99.9000015258789,98.51000213623048,99.12999725341795,96.1435317993164,1527300
2023-01-25,98.0,99.43000030517578,97.16999816894533,98.58999633789062,95.61980438232422,2466000
2023-01-26,102.3499984741211,103.29000091552734,99.41999816894533,102.8499984741211,99.75147247314452,5051900
2023-01-27,102.22000122070312,104.33999633789062,102.05999755859376,102.98999786376952,99.88724517822266,1899900
2023-01-30,101.19000244140624,101.83999633789062,99.3000030517578,99.36000061035156,96.36660766601562,2197200
2023-01-31,99.36000061035156,104.4800033569336,99.0999984741211,103.63999938964844,100.5176773071289,3132800
2023-02-01,104.55999755859376,105.3000030517578,101.8000030517578,104.31999969482422,101.17718505859376,2427800
2023-02-02,104.16999816894533,105.47000122070312,101.16999816894533,102.95999908447266,99.85816955566406,2803700
2023-02-03,101.70999908447266,104.62000274658205,101.61000061035156,102.95999908447266,99.85816955566406,2166100
2023-02-06,101.62000274658205,104.12000274658205,101.0199966430664,102.94000244140624,99.8387680053711,2181400
2023-02-07,103.0,104.04000091552734,101.01000213623048,103.54000091552734,100.4206771850586,2025900
2023-02-08,103.43000030517578,104.37999725341795,102.72000122070312,103.62000274658205,100.49827575683594,2743600
2023-02-09,109.20999908447266,111.7699966430664,107.73999786376952,108.58999633789062,105.31853485107422,7123200
2023-02-10,107.81999969482422,110.55999755859376,107.5,108.63999938964844,105.36702728271484,2778200
2023-02-13,108.3499984741211,110.33999633789062,108.31999969482422,109.27999877929688,105.98775482177734,2468300
2023-02-14,108.7300033569336,110.1999969482422,108.12999725341795,109.08000183105467,105.79377746582033,1991300
2023-02-15,108.02999877929688,109.08000183105467,107.44000244140624,108.45999908447266,105.19246673583984,1764900
2023-02-16,107.5500030517578,109.19000244140624,107.0199966430664,108.47000122070312,105.20214080810548,2026300
2023-02-17,107.6500015258789,109.13999938964844,106.51000213623048,109.01000213623048,105.72590637207033,2709000
2023-02-21,107.2300033569336,108.97000122070312,106.31999969482422,107.1500015258789,103.92193603515624,1894500
2023-02-22,107.0,108.87999725341795,106.19000244140624,107.66999816894533,104.4262466430664,3375500
2023-02-23,108.62999725341795,109.87999725341795,105.37000274658205,105.83999633789062,102.65138244628906,1820700
2023-02-24,104.30999755859376,106.23999786376952,103.76000213623048,105.52999877929688,102.35073852539062,1944200
2023-02-27,106.43000030517578,106.5,104.16999816894533,105.13999938964844,101.97248840332033,2259000
2023-02-28,105.12000274658205,108.98999786376952,104.94000244140624,108.37000274658205,105.1051788330078,3241500
2023-03-01,109.97000122070312,112.73999786376952,109.75,112.22000122070312,108.83918762207033,3367800
2023-03-02,111.76000213623048,114.33999633789062,111.16000366210938,113.41000366210938,109.99333953857422,3973800
2023-03-03,114.0,116.51000213623048,113.4499969482422,115.83000183105467,112.34042358398438,2577600
2023-03-06,116.36000061035156,116.36000061035156,114.33000183105467,115.4000015258789,111.92337799072266,2342000
2023-03-07,115.1999969482422,115.2300033569336,112.55999755859376,113.16000366210938,109.75086975097656,2104700
2023-03-08,113.45999908447266,113.66000366210938,112.04000091552734,113.54000091552734,110.1194076538086,986000
2023-03-09,112.80999755859376,113.4800033569336,109.52999877929688,109.62999725341795,106.3271942138672,2851500
2023-03-10,108.5,111.4499969482422,106.13999938964844,108.33999633789062,105.0760726928711,3425100
2023-03-13,106.98999786376952,107.51000213623048,105.63999938964844,106.25,103.04904174804688,2653900
2023-03-14,107.7699966430664,109.1999969482422,107.33999633789062,108.33000183105467,105.06636810302734,2212800
2023-03-15,105.75,106.41999816894533,101.3499984741211,104.86000061035156,101.70092010498048,3135800
2023-03-16,103.26000213623048,108.43000030517578,103.08000183105467,107.44000244140624,104.20318603515624,2614700
2023-03-17,107.19000244140624,107.62999725341795,104.69000244140624,107.04000091552734,103.8152313232422,2175000
2023-03-20,106.95999908447266,109.33999633789062,106.5,107.63999938964844,104.39714813232422,1464400
2023-03-21,109.47000122070312,110.7300033569336,108.0500030517578,108.19000244140624,104.93058776855467,1640900
2023-03-22,108.9000015258789,108.9000015258789,105.7300033569336,105.75,102.5641098022461,2148200
2023-03-23,106.70999908447266,108.93000030517578,104.87999725341795,106.1999969482422,103.00054168701172,2186100
2023-03-24,104.8499984741211,106.6999969482422,103.0199966430664,106.58000183105467,103.36908721923828,2296400
2023-03-27,106.72000122070312,107.38999938964844,104.9800033569336,106.33999633789062,103.13632202148438,1487200
2023-03-28,106.68000030517578,107.87000274658205,105.7300033569336,107.20999908447266,103.98011779785156,1683600
2023-03-29,108.37999725341795,111.3000030517578,108.37999725341795,109.0500030517578,105.76467895507812,3011800
2023-03-30,110.2699966430664,110.68000030517578,108.0999984741211,109.0,105.71619415283205,1915800
2023-03-31,109.45999908447266,112.04000091552734,109.45999908447266,111.91000366210938,108.53853607177734,3749000
2023-04-03,115.33999633789062,117.16999816894533,112.70999908447266,113.33000183105467,109.91573333740234,3743600
2023-04-04,112.8000030517578,112.91000366210938,110.5,112.0999984741211,108.72279357910156,2255700
2023-04-05,111.41000366210938,111.9499969482422,108.12999725341795,108.5999984741211,105.32823944091795,2356000
2023-04-06,108.58999633789062,109.1500015258789,107.05999755859376,109.12000274658205,105.83258056640624,1390600
2023-04-10,108.5199966430664,110.88999938964844,108.4800033569336,109.91999816894533,106.60848999023438,1880900
2023-04-11,110.4499969482422,110.76000213623048,107.8000030517578,107.9800033569336,104.72691345214844,1628700
2023-04-12,108.0500030517578,108.52999877929688,105.51000213623048,106.05999755859376,102.86476135253906,1837900
2023-04-13,107.62000274658205,110.9800033569336,107.30999755859376,110.26000213623048,106.938232421875,2182000
2023-04-14,109.88999938964844,111.62000274658205,109.44000244140624,110.98999786376952,107.64623260498048,1148000
2023-04-17,111.87999725341795,113.25,111.22000122070312,111.33999633789062,107.98567962646484,1214200
2023-04-18,112.5500030517578,114.25,112.08999633789062,112.1500015258789,108.77130126953124,2423800
2023-04-19,111.22000122070312,113.93000030517578,110.9499969482422,112.12000274658205,108.74219512939452,2098700
2023-04-20,115.0,116.98999786376952,112.80999755859376,113.69000244140624,110.26488494873048,5010700
2023-04-21,112.86000061035156,114.5999984741211,112.56999969482422,114.11000061035156,110.67224884033205,1933400
2023-04-24,113.83999633789062,115.18000030517578,113.01000213623048,114.4800033569336,111.0311050415039,1670500
2023-04-25,113.47000122070312,113.62999725341795,111.19000244140624,111.62999725341795,108.26695251464844,1863000
2023-04-26,111.86000061035156,112.54000091552734,109.06999969482422,109.4499969482422,106.15264129638672,1382200
2023-04-27,111.4000015258789,111.47000122070312,107.54000091552734,110.22000122070312,106.89942932128906,2242100
2023-04-28,109.98999786376952,115.01000213623048,109.8000030517578,114.27999877929688,110.83712768554688,2653700
2023-05-01,116.0,117.86000061035156,114.79000091552734,115.5999984741211,112.11735534667967,2897700
2023-05-02,114.81999969482422,115.23999786376952,112.61000061035156,113.1999969482422,109.78966522216795,1865600
2023-05-03,111.81999969482422,112.08000183105467,108.47000122070312,109.33000183105467,106.0362548828125,2491300
2023-05-04,108.62000274658205,110.37999725341795,108.4800033569336,109.25,105.95866394042967,1644000
2023-05-05,110.75,111.8499984741211,109.38999938964844,110.77999877929688,107.44255828857422,1561100
2023-05-08,111.9800033569336,113.16000366210938,110.77999877929688,112.76000213623048,109.36292266845705,1836700
2023-05-09,111.31999969482422,112.4800033569336,108.52999877929688,111.6999969482422,108.33484649658205,3359700
2023-05-10,113.48999786376952,113.5,108.01000213623048,111.5,108.14087677001952,5041500
2023-05-11,110.38999938964844,110.69000244140624,105.62000274658205,106.9000015258789,103.6794662475586,4509700
2023-05-12,106.75,107.9000015258789,104.5999984741211,105.38999938964844,102.2149429321289,2668400
2023-05-15,106.0,106.52999877929688,105.01000213623048,105.70999908447266,102.5252914428711,2429200
2023-05-16,105.0,105.51000213623048,102.13999938964844,103.0500030517578,99.9454345703125,2382700
2023-05-17,106.38999938964844,111.0500030517578,105.5,108.91999816894533,105.63860321044922,5680500
2023-05-18,108.9800033569336,110.44000244140624,107.8000030517578,110.3000030517578,106.9770278930664,2459100
2023-05-19,109.91000366210938,110.4000015258789,108.9800033569336,110.27999877929688,106.9576187133789,1921300
2023-05-22,110.25,111.4000015258789,108.1999969482422,108.41000366210938,105.3828582763672,1733500
2023-05-23,107.19000244140624,107.19000244140624,101.29000091552734,101.87999725341795,99.03519439697266,3877500
2023-05-24,100.75,102.23999786376952,100.08999633789062,101.08999633789062,98.26725769042967,2342700
2023-05-25,101.18000030517578,102.75,100.3499984741211,101.0199966430664,98.19920349121094,1834800
2023-05-26,100.87999725341795,101.9000015258789,100.54000091552734,101.12999725341795,98.30613708496094,1808200
2023-05-30,102.18000030517578,102.44000244140624,98.75,99.51000213623048,96.73136901855467,3623400
2023-05-31,98.80999755859376,99.02999877929688,96.44000244140624,98.6999969482422,95.94397735595705,3391000
2023-06-01,97.51000213623048,98.95999908447266,95.06999969482422,96.4800033569336,93.7859878540039,5667000
2023-06-02,97.95999908447266,101.5500030517578,97.4800033569336,100.3499984741211,97.54792022705078,3916700
2023-06-05,100.0,101.44000244140624,98.6500015258789,100.56999969482422,97.76178741455078,1917400
2023-06-06,100.23999786376952,104.2300033569336,100.16000366210938,102.73999786376952,99.87118530273438,2701900
2023-06-07,102.5199966430664,103.66000366210938,101.80999755859376,103.26000213623048,100.37667083740234,1641600
2023-06-08,100.83000183105467,103.2300033569336,100.04000091552734,103.05999755859376,100.18224334716795,2625000
2023-06-09,103.0500030517578,103.37000274658205,101.11000061035156,102.20999908447266,99.3559799194336,1704300
2023-06-12,103.0999984741211,103.73999786376952,102.31999969482422,103.58000183105467,100.68773651123048,1802200
2023-06-13,104.08999633789062,105.37000274658205,103.37000274658205,104.0,101.0959930419922,2007700
2023-06-14,103.94000244140624,104.75,102.77999877929688,103.5,100.60995483398438,1629000
2023-06-15,103.43000030517578,105.61000061035156,102.33999633789062,104.56999969482422,101.65008544921876,2265800
2023-06-16,105.3000030517578,105.3000030517578,103.41000366210938,103.7300033569336,100.8335418701172,2268200
2023-06-20,104.95999908447266,107.13999938964844,104.62000274658205,106.16999816894533,103.20539855957033,2765100
2023-06-21,105.08000183105467,106.87999725341795,104.8000030517578,106.3499984741211,103.38037872314452,1716900
2023-06-22,105.5999984741211,106.97000122070312,104.80999755859376,105.31999969482422,102.37913513183594,1240600
2023-06-23,104.0,105.4000015258789,101.88999938964844,104.1999969482422,101.2904052734375,1786200
2023-06-26,103.25,106.4800033569336,103.20999908447266,105.25,102.31110382080078,1482800
2023-06-27,105.52999877929688,106.5,104.77999877929688,105.76000213623048,102.8068618774414,1111000
2023-06-28,105.61000061035156,105.61000061035156,104.01000213623048,104.25,101.3390121459961,1470900
2023-06-29,104.6999969482422,105.6999969482422,103.72000122070312,104.5,101.58203887939452,1354700
2023-06-30,105.12000274658205,106.36000061035156,104.0999984741211,105.61000061035156,102.66104125976562,1349400
2023-07-03,105.83999633789062,108.37000274658205,105.83000183105467,106.62000274658205,103.64285278320312,1120300
2023-07-05,105.4000015258789,105.8499984741211,101.41000366210938,101.75,98.90882873535156,3301900
2023-07-06,100.02999877929688,100.51000213623048,97.36000061035156,99.52999877929688,96.75081634521484,2726500
2023-07-07,99.77999877929688,101.80999755859376,99.6500015258789,101.31999969482422,98.49082946777344,1862400
2023-07-10,101.33000183105467,107.12999725341795,101.33000183105467,107.08999633789062,104.09971618652344,2577800
2023-07-11,108.0999984741211,109.06999969482422,107.11000061035156,108.26000213623048,105.23705291748048,1760600
2023-07-12,108.8000030517578,109.88999938964844,108.45999908447266,108.87000274658205,105.8300323486328,1772900
2023-07-13,109.75,112.25,109.5,109.63999938964844,106.5785140991211,2271600
2023-07-14,109.8499984741211,110.08000183105467,108.58999633789062,109.51000213623048,106.4521484375,1455500
2023-07-17,108.5500030517578,108.66999816894533,106.43000030517578,107.0199966430664,104.03166198730467,1665200
2023-07-18,107.4000015258789,108.4800033569336,106.94000244140624,108.26000213623048,105.23705291748048,1356900
2023-07-19,108.8000030517578,109.02999877929688,106.66000366210938,107.3000030517578,104.30386352539062,1258500
2023-07-20,106.33999633789062,108.58999633789062,105.8499984741211,106.19000244140624,103.22486877441406,1778200
2023-07-21,107.76000213623048,109.3000030517578,106.12000274658205,107.18000030517578,104.18720245361328,1598800
2023-07-24,107.0,108.87000274658205,106.05999755859376,107.51000213623048,104.50800323486328,1595600
2023-07-25,108.5,109.25,107.1999969482422,108.83999633789062,105.80084991455078,1270000
2023-07-26,109.20999908447266,110.19000244140624,108.12000274658205,109.52999877929688,106.4715805053711,1003900
2023-07-27,110.0199966430664,111.08999633789062,107.72000122070312,108.1500015258789,105.13013458251952,1997800
2023-07-28,109.33999633789062,109.62000274658205,108.08000183105467,108.9800033569336,105.93695068359376,1661300
2023-07-31,109.0,109.54000091552734,108.37999725341795,108.9800033569336,105.93695068359376,1359900
2023-08-01,108.8000030517578,110.19000244140624,108.13999938964844,109.13999938964844,106.09247589111328,2699100
2023-08-02,107.81999969482422,107.81999969482422,104.4499969482422,105.16000366210938,102.2236099243164,1905300
2023-08-03,104.25,106.8499984741211,102.12999725341795,105.61000061035156,102.66104125976562,1614200
2023-08-04,106.58000183105467,106.80999755859376,104.0500030517578,104.18000030517578,101.27095794677734,1939400
2023-08-07,105.36000061035156,105.6500015258789,104.22000122070312,105.02999877929688,102.09723663330078,1650500
2023-08-08,103.16999816894533,103.91000366210938,102.4800033569336,103.06999969482422,100.19196319580078,1618200
2023-08-09,104.91999816894533,104.91999816894533,101.1999969482422,101.5500030517578,98.71441650390624,3398400
2023-08-10,103.06999969482422,106.66000366210938,102.75,104.22000122070312,101.3098602294922,4171000
2023-08-11,103.98999786376952,103.98999786376952,99.61000061035156,100.5500030517578,97.7423324584961,3148100
2023-08-14,100.01000213623048,100.52999877929688,99.25,99.91000366210938,97.12022399902344,1971400
2023-08-15,98.77999877929688,98.79000091552734,95.12000274658205,95.48999786376952,92.82362365722656,3222100
2023-08-16,95.48999786376952,96.25,94.2699966430664,94.80999755859376,92.16261291503906,2645500
2023-08-17,95.0500030517578,95.98999786376952,94.26000213623048,94.79000091552734,92.1431884765625,1810500
2023-08-18,93.62000274658205,94.8000030517578,93.0,93.87999725341795,91.4999008178711,1805900
2023-08-21,94.0,94.58999633789062,92.72000122070312,94.1999969482422,91.81179809570312,2026000
2023-08-22,95.1999969482422,95.9800033569336,93.88999938964844,95.04000091552734,92.63050079345705,2296400
2023-08-23,94.5,96.5,93.87999725341795,96.08000183105467,93.6441421508789,1298600
2023-08-24,96.12999725341795,97.4499969482422,95.41000366210938,95.48999786376952,93.06908416748048,1494000
2023-08-25,95.62000274658205,96.31999969482422,94.4499969482422,95.4800033569336,93.05933380126952,1706200
2023-08-28,96.11000061035156,96.8499984741211,95.9000015258789,96.79000091552734,94.33612823486328,1209800
2023-08-29,96.31999969482422,98.4800033569336,96.3000030517578,98.06999969482422,95.58368682861328,1082900
2023-08-30,97.61000061035156,99.95999908447266,97.5199966430664,99.38999938964844,96.87020874023438,1263500
2023-08-31,100.05999755859376,102.11000061035156,99.33000183105467,101.37999725341795,98.80975341796876,2924300
2023-09-01,101.91999816894533,102.79000091552734,100.66999816894533,101.63999938964844,99.06317138671876,1946900
2023-09-05,100.45999908447266,100.45999908447266,96.37000274658205,97.41000366210938,94.9404067993164,3084700
2023-09-06,96.6500015258789,97.23999786376952,95.48999786376952,95.83000183105467,93.40046691894533,1896200
2023-09-07,94.5500030517578,94.8499984741211,91.87000274658205,94.45999908447266,92.06520080566406,3111300
2023-09-08,95.0,95.7300033569336,94.4000015258789,94.70999908447266,92.3088607788086,1466700
2023-09-11,95.26000213623048,95.94000244140624,93.87000274658205,95.31999969482422,92.90340423583984,1068600
2023-09-12,95.4800033569336,97.16000366210938,94.9800033569336,95.30999755859376,92.89364624023438,1292600
2023-09-13,94.73999786376952,95.66000366210938,94.58999633789062,95.27999877929688,92.86441040039062,1260800
2023-09-14,96.41999816894533,97.87000274658205,95.41999816894533,97.70999908447266,95.2328109741211,2066800
2023-09-15,98.2699966430664,99.45999908447266,96.58999633789062,97.04000091552734,94.57979583740234,3658700
2023-09-18,97.04000091552734,98.44000244140624,96.83999633789062,97.20999908447266,94.74547576904295,1268300
2023-09-19,96.76000213623048,97.27999877929688,94.05999755859376,94.72000122070312,92.31861114501952,2036900
2023-09-20,94.8499984741211,95.41000366210938,93.47000122070312,93.69000244140624,91.31472778320312,1061300
2023-09-21,92.5,92.56999969482422,90.1999969482422,90.36000061035156,88.06914520263672,2358400
2023-09-22,90.94000244140624,93.4800033569336,90.77999877929688,91.55999755859376,89.23872375488281,2611300
2023-09-25,90.0,91.48999786376952,89.94999694824219,90.6500015258789,88.3517837524414,1387800
2023-09-26,90.0199966430664,91.66000366210938,90.0199966430664,90.68000030517578,88.38104248046875,1454000
2023-09-27,91.38999938964844,92.3000030517578,90.19000244140624,92.20999908447266,89.87225341796875,2050000
2023-09-28,91.98999786376952,92.62000274658205,91.0199966430664,91.37000274658205,89.05352783203125,1290400
2023-09-29,92.5500030517578,94.26000213623048,91.77999877929688,92.41000366210938,90.06717681884766,1326800
2023-10-02,92.91999816894533,93.9499969482422,92.3499984741211,92.62999725341795,90.2815933227539,1712300
2023-10-03,91.6500015258789,92.51000213623048,89.83000183105469,90.2300033569336,87.94244384765625,1315300
2023-10-04,90.56999969482422,90.77999877929688,86.5999984741211,88.20999908447266,85.97364807128906,2289300
2023-10-05,87.41000366210938,89.97000122070312,87.41000366210938,89.48999786376953,87.22120666503906,1513600
2023-10-06,89.33999633789062,93.9000015258789,88.75,92.41000366210938,90.06717681884766,2470600
2023-10-09,93.5,93.62999725341795,89.5999984741211,93.06999969482422,90.71043395996094,1622800
2023-10-10,93.5,94.97000122070312,93.13999938964844,93.98999786376952,91.60711669921876,1674800
2023-10-11,94.18000030517578,95.76000213623048,94.12999725341795,94.7300033569336,92.32836151123048,2029400
2023-10-12,94.48999786376952,95.04000091552734,92.95999908447266,93.5500030517578,91.17828369140624,1105400
2023-10-13,93.1500015258789,93.22000122070312,90.08999633789062,90.27999877929688,87.99117279052734,1500700
2023-10-16,90.9499969482422,91.4499969482422,89.8499984741211,90.31999969482422,88.0301513671875,1479800
2023-10-17,89.91999816894531,91.05999755859376,89.56999969482422,90.3000030517578,88.01066589355469,1355000
2023-10-18,89.5999984741211,89.87000274658203,86.52999877929688,86.72000122070312,84.52143096923828,2029600
2023-10-19,88.8499984741211,90.26000213623048,87.55999755859375,88.22000122070312,85.98339080810547,2179400
2023-10-20,88.19000244140625,88.56999969482422,87.12000274658203,87.5999984741211,85.37911987304688,1106400
2023-10-23,87.58000183105469,91.25,87.25,89.83999633789062,87.56232452392578,2371400
2023-10-24,90.41000366210938,92.45999908447266,90.31999969482422,91.41999816894533,89.10227966308594,1335000
2023-10-25,90.26000213623048,91.5,88.79000091552734,88.94000244140625,86.68515014648438,1518500
2023-10-26,89.0,89.77999877929688,87.02999877929688,87.54000091552734,85.32063293457031,2183400
2023-10-27,88.4000015258789,89.23999786376953,87.05999755859375,87.27999877929688,85.06723022460938,1587500
2023-10-30,88.41999816894531,88.69000244140625,86.76000213623047,88.08000183105469,85.84696197509766,1343100
2023-10-31,87.81999969482422,88.1500015258789,86.81999969482422,87.77999877929688,85.55455017089844,1471700
2023-11-01,87.2699966430664,88.05000305175781,85.83999633789062,86.94000244140625,84.7358627319336,1773400
2023-11-02,88.16999816894531,91.08999633789062,88.0999984741211,89.75,87.47461700439453,1839800
2023-11-03,91.47000122070312,93.37000274658205,90.43000030517578,92.76000213623048,90.40829467773438,1866100
2023-11-06,93.04000091552734,95.91000366210938,93.04000091552734,95.13999938964844,92.72795867919922,2470600
2023-11-07,94.47000122070312,94.47000122070312,92.63999938964844,93.18000030517578,90.81765747070312,1994000
2023-11-08,93.0999984741211,94.0199966430664,92.29000091552734,92.9000015258789,90.54474639892578,2621400
2023-11-09,93.68000030517578,94.01000213623048,90.63999938964844,90.6500015258789,88.3517837524414,5825500
2023-11-10,85.0,86.30999755859375,81.6500015258789,85.48999786376953,83.3226089477539,15054500
2023-11-13,85.23999786376953,86.37000274658203,83.95999908447266,84.54000091552734,82.39669799804688,3779800
2023-11-14,85.80000305175781,88.38999938964844,85.80000305175781,87.12000274658203,84.91130065917969,4061300
2023-11-15,88.30000305175781,89.5199966430664,87.2300033569336,87.45999908447266,85.24267578125,2544600
2023-11-16,86.80999755859375,87.13999938964844,85.12000274658203,86.05999755859375,83.87816619873047,3022800
2023-11-17,86.6500015258789,87.41999816894531,85.76000213623047,86.87000274658203,84.91429901123047,1678400
2023-11-20,86.88999938964844,87.63999938964844,86.01000213623047,87.16999816894531,85.20753479003906,2117800
2023-11-21,86.63999938964844,87.13999938964844,86.02999877929688,86.86000061035156,84.9045181274414,1554700
2023-11-22,87.05999755859375,88.23999786376953,86.3499984741211,87.52999877929688,85.55943298339844,1400000
2023-11-24,87.27999877929688,88.33000183105469,86.88999938964844,88.30999755859375,86.32186889648438,1008100
2023-11-27,87.72000122070312,87.8499984741211,86.62000274658203,87.05999755859375,85.10001373291016,1889400
2023-11-28,86.9800033569336,87.38999938964844,84.66000366210938,84.94000244140625,83.02774047851562,3616000
2023-11-29,85.05000305175781,86.37999725341797,83.4800033569336,83.66999816894531,81.78633880615234,3810200
2023-11-30,84.20999908447266,84.58999633789062,83.5,84.41999816894531,82.51946258544922,2327700
2023-12-01,84.1500015258789,85.3499984741211,84.1500015258789,85.1500015258789,83.2330322265625,2048200
2023-12-04,84.30999755859375,85.38999938964844,83.61000061035156,83.88999938964844,82.00138092041016,1997800
2023-12-05,83.37000274658203,83.87000274658203,81.95999908447266,82.20999908447266,80.35921478271484,2366600
2023-12-06,82.87000274658203,83.95999908447266,82.02999877929688,82.4000015258789,80.54493713378906,2340000
2023-12-07,82.4000015258789,83.4800033569336,82.33999633789062,82.52999877929688,80.6719970703125,1804800
2023-12-08,82.3499984741211,84.22000122070312,82.31999969482422,84.19000244140625,82.29463958740234,2346800
2023-12-11,84.33000183105469,86.26000213623047,84.33000183105469,86.0,84.06388854980469,1973900
2023-12-12,86.20999908447266,86.5,85.52999877929688,86.2300033569336,84.28870391845703,1313700
2023-12-13,86.0,88.0999984741211,85.05999755859375,88.0199966430664,86.03840637207031,1935800
2023-12-14,89.0,90.83000183105467,88.80000305175781,89.80000305175781,87.77832794189453,2970100
2023-12-15,90.38999938964844,90.79000091552734,87.44999694824219,88.76000213623047,86.7617416381836,3479700
2023-12-18,89.16999816894531,89.62000274658203,88.19999694824219,89.27999877929688,87.27005004882812,1487600
2023-12-19,89.58000183105469,91.77999877929688,89.45999908447266,91.72000122070312,89.65511322021484,2264100
2023-12-20,91.87999725341795,91.87999725341795,88.5,88.55000305175781,86.55647277832031,2039600
2023-12-21,89.76000213623047,90.7699966430664,89.0199966430664,90.72000122070312,88.67762756347656,1891800
2023-12-22,90.0,91.12999725341795,89.91000366210938,90.41999816894533,88.38436889648438,1170500
2023-12-26,90.56999969482422,91.3499984741211,90.2300033569336,91.0,88.95132446289062,1150000
2023-12-27,91.0,91.20999908447266,90.06999969482422,90.62999725341795,88.58965301513672,1142200
2023-12-28,90.88999938964844,92.61000061035156,90.77999877929688,91.76000213623048,89.69420623779297,1233000
2023-12-29,91.62000274658205,92.08000183105467,90.9000015258789,91.11000061035156,89.05884552001953,1144800
2024-01-02,90.83000183105467,95.68000030517578,90.68000030517578,94.5999984741211,92.47026824951172,3013600
2024-01-03,93.69000244140624,95.5199966430664,92.33999633789062,94.02999877929688,91.91310119628906,2369100
2024-01-04,93.68000030517578,94.8000030517578,93.13999938964844,94.20999908447266,92.08904266357422,1694100
2024-01-05,94.0,96.52999877929688,93.66999816894533,95.6500015258789,93.49663543701172,2535000
2024-01-08,95.41000366210938,97.6500015258789,94.54000091552734,97.0500030517578,94.86512756347656,1441700
2024-01-09,95.7300033569336,96.51000213623048,94.8499984741211,95.26000213623048,93.11541748046876,1803300
2024-01-10,94.91999816894533,95.0,93.30999755859376,93.62999725341795,91.52210235595705,1683500
2024-01-11,93.6500015258789,94.22000122070312,91.6500015258789,93.9000015258789,91.78602600097656,1871000
2024-01-12,93.87000274658205,96.36000061035156,93.87000274658205,94.11000061035156,91.99129486083984,1915200
2024-01-16,93.41999816894533,94.87999725341795,93.0999984741211,94.55999755859376,92.4311752319336,1452300
2024-01-17,92.4499969482422,92.73999786376952,90.41999816894533,91.16000366210938,89.10771942138672,2588000
2024-01-18,91.6999969482422,94.12999725341795,91.63999938964844,94.0999984741211,91.98152923583984,2193200
2024-01-19,94.2699966430664,94.2699966430664,91.86000061035156,94.2300033569336,92.10861206054688,2050700
2024-01-22,94.0,94.0,92.0,92.06999969482422,89.99723052978516,2248200
2024-01-23,93.01000213623048,94.02999877929688,92.3000030517578,93.11000061035156,91.0138168334961,1340200
2024-01-24,94.56999969482422,95.9800033569336,94.12000274658205,94.29000091552734,92.1672592163086,2318700
2024-01-25,96.13999938964844,96.97000122070312,94.7699966430664,96.41000366210938,94.23951721191406,2568600
2024-01-26,96.12999725341795,96.91000366210938,95.27999877929688,96.7300033569336,94.55233001708984,1465200
2024-01-29,96.66000366210938,97.33000183105467,95.36000061035156,97.05999755859376,94.87488555908205,1261800
2024-01-30,96.05999755859376,96.16999816894533,94.5,94.98999786376952,92.85150146484376,1388400
2024-01-31,94.5500030517578,96.12000274658205,93.36000061035156,94.43000030517578,92.30409240722656,1583000
2024-02-01,96.25,98.5,96.04000091552734,97.29000091552734,95.09971618652344,1942200
2024-02-02,96.58999633789062,97.52999877929688,95.80999755859376,96.97000122070312,94.7869110107422,1225200
2024-02-05,96.69000244140624,98.1999969482422,95.7699966430664,97.48999786376952,95.2952117919922,1547900
2024-02-06,98.5999984741211,100.36000061035156,98.01000213623048,100.05999755859376,97.8073501586914,2488000
2024-02-07,100.5999984741211,101.06999969482422,99.16000366210938,99.83000183105467,97.58253479003906,3627500
2024-02-08,104.26000213623048,108.76000213623048,103.91999816894533,106.11000061035156,103.72113800048828,6472400
2024-02-09,106.5,106.88999938964844,104.26000213623048,105.5999984741211,103.22262573242188,2492000
2024-02-12,105.5999984741211,106.13999938964844,104.51000213623048,105.72000122070312,103.33993530273438,1866300
2024-02-13,103.66999816894533,104.95999908447266,102.68000030517578,104.1999969482422,101.85413360595705,1724400
2024-02-14,105.1999969482422,105.86000061035156,104.19000244140624,105.20999908447266,102.8414077758789,1535800
2024-02-15,105.27999877929688,105.83999633789062,104.7300033569336,105.7300033569336,103.34970092773438,1377300
2024-02-16,105.0,106.3000030517578,104.5,105.12999725341795,103.00677490234376,1255200
2024-02-20,104.41999816894533,104.45999908447266,100.3499984741211,103.2300033569336,101.1451416015625,2487300
2024-02-21,103.02999877929688,103.7699966430664,101.37999725341795,102.37999725341795,100.31229400634766,1216600
2024-02-22,102.5500030517578,103.0199966430664,101.91999816894533,102.41999816894533,100.35150146484376,1020300
2024-02-23,102.6500015258789,104.58999633789062,102.43000030517578,104.16000366210938,102.0563735961914,1515700
2024-02-26,104.5,104.98999786376952,102.94000244140624,103.23999786376952,101.15493774414062,1176800
2024-02-27,104.48999786376952,104.69000244140624,102.01000213623048,102.69000244140624,100.61605072021484,1536900
2024-02-28,101.8499984741211,103.13999938964844,101.62000274658205,102.86000061035156,100.78260803222656,1327500
2024-02-29,103.93000030517578,105.3499984741211,103.05999755859376,105.1999969482422,103.07536315917967,2241100
2024-03-01,103.0,103.11000061035156,99.1999969482422,101.20999908447266,99.16593933105467,3761200
2024-03-04,100.93000030517578,101.1500015258789,99.66999816894533,99.7300033569336,97.71583557128906,1875100
2024-03-05,99.23999786376952,100.58999633789062,98.0999984741211,99.7699966430664,97.7550277709961,1380000
2024-03-06,100.37999725341795,100.83999633789062,99.05999755859376,99.13999938964844,97.13775634765624,1125800
2024-03-07,99.16000366210938,101.55999755859376,99.16000366210938,101.11000061035156,99.06796264648438,1773500
2024-03-08,100.58999633789062,102.0500030517578,100.0199966430664,100.43000030517578,98.40169525146484,1138400
2024-03-11,100.68000030517578,103.95999908447266,100.68000030517578,103.2300033569336,101.1451416015625,1943400
2024-03-12,104.20999908447266,104.62999725341795,102.88999938964844,103.04000091552734,100.958984375,1436800
2024-03-13,102.38999938964844,103.7699966430664,102.2699966430664,102.33000183105467,100.2633285522461,1138400
2024-03-14,102.88999938964844,102.88999938964844,100.16000366210938,101.0,98.9601821899414,1882700
2024-03-15,99.9000015258789,101.30999755859376,98.68000030517578,99.08999633789062,97.08873748779295,4405800
2024-03-18,99.16999816894533,100.0199966430664,98.80999755859376,98.83999633789062,96.84381103515624,1528700
2024-03-19,99.0,99.81999969482422,98.2699966430664,99.75,97.73542785644533,1444100
2024-03-20,99.68000030517578,100.33999633789062,98.87000274658205,100.08000183105467,98.05875396728516,1139000
2024-03-21,100.75,101.8499984741211,99.91999816894533,99.95999908447266,97.9411849975586,1157200
2024-03-22,100.62000274658205,100.62000274658205,99.58000183105467,99.88999938964844,97.87261199951172,899600
2024-03-25,99.83000183105467,100.9000015258789,99.08999633789062,99.41000366210938,97.40230560302734,1238100
2024-03-26,100.0,100.98999786376952,99.8000030517578,100.58000183105467,98.54866027832033,959100
2024-03-27,101.0500030517578,101.86000061035156,100.58000183105467,101.79000091552734,99.73423767089844,1090200
2024-03-28,102.45999908447266,102.87999725341795,101.54000091552734,102.2300033569336,100.16533660888672,1018200
2024-04-01,102.9800033569336,107.73999786376952,102.81999969482422,106.55999755859376,104.40788269042967,2954200
2024-04-02,105.48999786376952,105.58999633789062,103.05999755859376,105.26000213623048,103.1341552734375,1716000
2024-04-03,105.0,106.83000183105467,104.3499984741211,106.41999816894533,104.27071380615234,1321500
2024-04-04,108.3499984741211,110.37999725341795,105.70999908447266,106.12000274658205,103.9767837524414,2412000
2024-04-05,105.80999755859376,108.0,105.6500015258789,107.45999908447266,105.28971099853516,1441800
2024-04-08,108.16999816894533,108.5,105.91000366210938,105.98999786376952,103.84940338134766,1170100
2024-04-09,105.9800033569336,107.18000030517578,105.62000274658205,106.48999786376952,104.3393096923828,930300
2024-04-10,104.70999908447266,105.37999725341795,103.52999877929688,104.23999786376952,102.1347427368164,1449800
2024-04-11,104.43000030517578,105.5199966430664,104.1500015258789,104.86000061035156,102.74221801757812,847500
2024-04-12,103.75,103.75,100.91000366210938,101.18000030517578,99.13655090332033,1705600
2024-04-15,101.25,102.56999969482422,98.77999877929688,99.44000244140624,97.43169403076172,1772200
2024-04-16,98.76000213623048,99.6500015258789,98.0999984741211,99.3499984741211,97.343505859375,1341300
2024-04-17,99.58999633789062,99.9800033569336,96.9800033569336,97.4800033569336,95.51126861572266,1904000
2024-04-18,97.98999786376952,97.98999786376952,95.68000030517578,96.0999984741211,94.15914154052734,1786200
2024-04-19,96.08999633789062,97.08999633789062,94.8000030517578,94.98999786376952,93.07156372070312,1165300
2024-04-22,95.88999938964844,98.01000213623048,95.8000030517578,97.4800033569336,95.51126861572266,1695800
2024-04-23,97.91999816894533,99.4800033569336,97.4800033569336,98.81999969482422,96.8241958618164,1231800
2024-04-24,98.4800033569336,98.80999755859376,96.19000244140624,97.05999755859376,95.0997543334961,1256700
2024-04-25,96.06999969482422,97.0199966430664,96.0,96.5999984741211,94.6490478515625,948900
2024-04-26,96.16999816894533,96.9000015258789,95.25,95.87999725341795,93.9435806274414,1420000
2024-04-29,97.20999908447266,98.6500015258789,96.4499969482422,96.9800033569336,95.02136993408205,1588300
2024-04-30,96.0,96.5199966430664,91.58999633789062,91.6500015258789,89.79901885986328,2752900
2024-05-01,91.6500015258789,94.54000091552734,91.3499984741211,92.7300033569336,90.8572006225586,1846900
2024-05-02,94.7300033569336,95.73999786376952,93.18000030517578,95.2699966430664,93.3459014892578,1873200
2024-05-03,96.91999816894533,97.11000061035156,95.91000366210938,96.70999908447266,94.75682067871094,1323200
2024-05-06,97.7300033569336,98.68000030517578,97.02999877929688,97.87000274658205,95.89338684082033,1906700
2024-05-07,97.81999969482422,98.31999969482422,96.3000030517578,97.2300033569336,95.26632690429688,2967600
2024-05-08,97.8499984741211,97.95999908447266,94.2300033569336,95.75,93.81622314453124,4251400
2024-05-09,96.16000366210938,97.83999633789062,95.66999816894533,97.19000244140624,95.22712707519533,2041400
2024-05-10,97.6999969482422,98.0,95.75,96.38999938964844,94.44327545166016,1566400
2024-05-13,98.16000366210938,98.66999816894533,97.0,97.98999786376952,96.01097106933594,1750000
2024-05-14,97.8000030517578,98.41999816894533,97.2699966430664,98.04000091552734,96.0599594116211,973400
2024-05-15,98.69000244140624,98.72000122070312,97.26000213623048,97.62000274658205,95.64845275878906,1131500
2024-05-16,97.3499984741211,98.3000030517578,97.06999969482422,97.11000061035156,95.14875793457033,1171200
2024-05-17,96.83999633789062,97.47000122070312,96.5,96.79000091552734,95.0799789428711,1072600
2024-05-20,97.0999984741211,98.12999725341795,97.0,97.66000366210938,95.93462371826172,1182200
2024-05-21,97.0999984741211,97.98999786376952,96.4499969482422,96.58999633789062,94.88350677490234,1403800
2024-05-22,96.43000030517578,96.4499969482422,94.93000030517578,95.4800033569336,93.79312133789062,1319000
2024-05-23,96.76000213623048,96.76000213623048,93.69000244140624,94.08999633789062,92.42767333984376,1465100
2024-05-24,94.08999633789062,94.88999938964844,94.06999969482422,94.62000274658205,92.94831085205078,1035400
2024-05-28,94.38999938964844,95.04000091552734,93.20999908447266,93.51000213623048,91.85792541503906,1812400
2024-05-29,92.33999633789062,92.69000244140624,91.61000061035156,92.52999877929688,90.89524841308594,2367700
2024-05-30,92.5199966430664,93.11000061035156,91.8499984741211,92.54000091552734,90.90506744384766,1218100
2024-05-31,93.2300033569336,94.9499969482422,92.98999786376952,94.87999725341795,93.20372009277344,2004900
2024-06-03,95.5,95.5,93.52999877929688,94.91000366210938,93.23321533203124,1197200
2024-06-04,94.01000213623048,94.47000122070312,92.63999938964844,92.91999816894533,91.2783432006836,1522900
2024-06-05,93.0,93.5,92.5999984741211,93.36000061035156,91.71058654785156,1335000
2024-06-06,92.93000030517578,93.37999725341795,92.37999725341795,92.4800033569336,90.84613037109376,1194600
2024-06-07,92.4800033569336,93.87999725341795,92.01000213623048,93.13999938964844,91.49446868896484,1416200
2024-06-10,92.38999938964844,93.02999877929688,91.5999984741211,92.87000274658205,91.22924041748048,1391700
2024-06-11,92.79000091552734,92.79000091552734,91.01000213623048,91.73999786376952,90.11920166015624,2077500
2024-06-12,92.33000183105467,92.76000213623048,90.0999984741211,90.83000183105467,89.22528076171875,2048700
2024-06-13,90.3499984741211,91.1500015258789,90.1500015258789,90.48999786376952,88.89128112792969,1627100
2024-06-14,89.61000061035156,89.98999786376953,87.79000091552734,88.80000305175781,87.23114776611328,2688600
2024-06-17,88.23999786376953,88.91000366210938,87.43000030517578,88.77999877929688,87.21149444580078,1832700
2024-06-18,88.48999786376953,89.36000061035156,88.29000091552734,89.19999694824219,87.62406921386719,1604400
2024-06-20,89.08000183105469,90.66999816894533,89.05000305175781,89.69999694824219,88.115234375,2039500
2024-06-21,90.0,90.19000244140624,89.18000030517578,89.87999725341797,88.29205322265625,5307800
2024-06-24,89.7699966430664,90.29000091552734,88.72000122070312,89.0999984741211,87.52584075927734,1828400
2024-06-25,88.72000122070312,89.55000305175781,88.18000030517578,88.30000305175781,86.73997497558594,1450000
2024-06-26,88.0,88.45999908447266,87.66999816894531,88.12999725341797,86.57298278808594,1089700
2024-06-27,88.0999984741211,89.23999786376953,87.72000122070312,89.13999938964844,87.56513214111328,1266600
2024-06-28,89.4000015258789,90.04000091552734,89.19999694824219,89.5,87.91876983642578,2199400
2024-07-01,89.76000213623047,89.76000213623047,87.08000183105469,87.66999816894531,86.12110900878906,1896100
2024-07-02,87.55999755859375,88.11000061035156,86.08999633789062,86.33000183105469,84.8047866821289,2233300
2024-07-03,87.08999633789062,89.05999755859375,86.79000091552734,87.27999877929688,85.73799133300781,1556900
2024-07-05,86.81999969482422,87.9000015258789,86.22000122070312,86.83000183105469,85.29593658447266,1925200
2024-07-08,87.05000305175781,87.37000274658203,85.16999816894531,85.25,83.74385833740234,2239600
2024-07-09,85.30999755859375,86.0199966430664,84.70999908447266,84.76000213623047,83.26251220703125,1830500
2024-07-10,85.0,85.0,83.68000030517578,83.91000366210938,82.42752838134766,1886400
2024-07-11,84.25,85.83000183105469,83.87999725341797,84.61000061035156,83.11517333984375,1701700
2024-07-12,85.52999877929688,86.5,84.86000061035156,85.83000183105469,84.3136215209961,1776200
2024-07-15,85.80999755859375,86.97000122070312,84.29000091552734,84.5999984741211,83.10533905029297,1868800
2024-07-16,84.6500015258789,86.19999694824219,83.2300033569336,85.94999694824219,84.43148803710938,2010500
2024-07-17,85.48999786376953,85.87000274658203,84.23999786376953,84.91999816894531,83.4197006225586,2042200
2024-07-18,84.44999694824219,85.05999755859375,83.19000244140625,83.4800033569336,82.005126953125,2317600
2024-07-19,83.4800033569336,83.75,82.19000244140625,83.43000030517578,81.95602416992188,2150800
2024-07-22,83.95999908447266,84.44000244140625,82.58999633789062,83.54000091552734,82.06407165527344,1641600
2024-07-23,83.2300033569336,83.30999755859375,82.55000305175781,83.2699966430664,81.79883575439453,1569900
2024-07-24,83.45999908447266,83.75,80.66000366210938,80.97000122070312,79.53946685791016,2320100
2024-07-25,80.69000244140625,81.63999938964844,80.11000061035156,80.5199966430664,79.09741973876953,2426000
2024-07-26,81.41999816894531,81.66999816894531,80.0199966430664,81.61000061035156,80.16816711425781,1925400
2024-07-29,81.69999694824219,82.7699966430664,80.76000213623047,82.5,81.04243469238281,1466200
2024-07-30,82.23999786376953,82.88999938964844,81.83000183105469,82.51000213623047,81.05228424072266,1442300
2024-07-31,82.80000305175781,83.97000122070312,82.61000061035156,82.81999969482422,81.35679626464844,1997500
2024-08-01,82.33000183105469,82.62000274658203,78.20999908447266,78.70999908447266,77.31940460205078,4292500
2024-08-02,77.4800033569336,77.88999938964844,75.5,76.80000305175781,75.44315338134766,4142500
2024-08-05,71.91000366210938,74.62999725341797,71.62999725341797,73.55000305175781,72.25057220458984,4677800
2024-08-06,73.94000244140625,76.94999694824219,73.91999816894531,76.29000091552734,74.94214630126953,5052100
2024-08-07,78.5,79.05000305175781,74.06999969482422,74.8499984741211,73.52760314941406,5081700
2024-08-08,75.62000274658203,77.22000122070312,75.5,76.6500015258789,75.2957992553711,2654800
2024-08-09,77.1500015258789,77.2300033569336,74.44999694824219,74.62999725341797,73.31148529052734,2417900
2024-08-12,74.0,75.06999969482422,73.41999816894531,73.93000030517578,72.62385559082031,2584000
2024-08-13,73.94000244140625,74.83999633789062,73.25,74.19999694824219,72.88907623291016,2371200
2024-08-14,74.26000213623047,74.80999755859375,73.26000213623047,74.04000091552734,72.73192596435547,2381300
2024-08-15,75.02999877929688,76.9000015258789,75.02999877929688,76.13999938964844,74.79481506347656,2778700
2024-08-16,75.80000305175781,77.27999877929688,75.80000305175781,76.29000091552734,74.94214630126953,1822800
2024-08-19,76.1500015258789,77.22000122070312,76.05000305175781,76.5999984741211,75.49406433105469,3310500
2024-08-20,76.18000030517578,76.69000244140625,75.91000366210938,76.0199966430664,74.92244720458984,1839300
2024-08-21,76.55000305175781,77.83999633789062,76.43000030517578,77.36000061035156,76.24310302734375,2302300
2024-08-22,77.36000061035156,77.63999938964844,76.76000213623047,77.08999633789062,75.97699737548828,1133700
2024-08-23,76.7699966430664,77.41000366210938,76.06999969482422,77.37000274658203,76.2529525756836,1479900
2024-08-26,77.6500015258789,77.91000366210938,76.79000091552734,77.23999786376953,76.12483215332031,1315400
2024-08-27,77.05000305175781,77.20999908447266,76.5999984741211,77.04000091552734,75.92771911621094,1135500
2024-08-28,76.5,76.55000305175781,74.20999908447266,75.30000305175781,74.21284484863281,3012700
2024-08-29,75.30000305175781,76.45999908447266,75.08999633789062,75.54000091552734,74.44937896728516,1672400
2024-08-30,75.94000244140625,77.05000305175781,75.22000122070312,76.87999725341797,75.77002716064453,3939500
2024-09-03,76.91999816894531,77.19999694824219,75.70999908447266,75.80999755859375,74.7154769897461,2036000
2024-09-04,75.87999725341797,78.05000305175781,75.80000305175781,77.04000091552734,75.92771911621094,2184800
2024-09-05,77.0999984741211,77.86000061035156,76.30000305175781,77.12000274658203,76.00656127929688,1600400
2024-09-06,77.33000183105469,78.25,76.68000030517578,76.72000122070312,75.61233520507812,1924800
2024-09-09,76.69999694824219,77.63999938964844,76.37999725341797,76.91000366210938,75.79959869384766,1606900
2024-09-10,77.02999877929688,77.08999633789062,74.80999755859375,75.3499984741211,74.2621078491211,1967400
2024-09-11,75.3499984741211,75.91999816894531,74.45999908447266,75.7699966430664,74.6760482788086,1324300
2024-09-12,76.20999908447266,76.5199966430664,74.9000015258789,76.26000213623047,75.15897369384766,1392100
2024-09-13,76.79000091552734,79.33999633789062,76.55000305175781,78.45999908447266,77.32722473144531,2235300
2024-09-16,78.6500015258789,79.55999755859375,78.30000305175781,78.94999694824219,77.81013488769531,1657600
2024-09-17,79.68000030517578,81.0199966430664,79.58000183105469,80.0,78.84498596191406,2464900
2024-09-18,79.98999786376953,80.04000091552734,78.3499984741211,78.77999877929688,77.64259338378906,2107500
2024-09-19,80.30999755859375,81.0999984741211,79.79000091552734,80.18000030517578,79.02239227294922,2273600
2024-09-20,79.93000030517578,79.98999786376953,78.48999786376953,79.70999908447266,78.5591812133789,2394900
2024-09-23,79.88999938964844,80.79000091552734,79.5199966430664,80.20999908447266,79.05194854736328,1646700
2024-09-24,83.55999755859375,86.19999694824219,82.98999786376953,84.16000366210938,82.9449234008789,4888100
2024-09-25,83.76000213623047,84.87000274658203,82.87999725341797,84.12999725341797,82.91535186767578,2244100
2024-09-26,89.86000061035156,91.5999984741211,88.69000244140625,91.02999877929688,89.71572875976562,8289500
2024-09-27,92.66000366210938,97.81999969482422,92.66000366210938,97.62000274658205,96.2105941772461,11253100
2024-09-30,97.4499969482422,98.16999816894533,95.58999633789062,95.87999725341795,94.4957046508789,6224800
2024-10-01,96.02999877929688,99.7699966430664,96.02999877929688,99.4499969482422,98.01416015625,4771200
2024-10-02,99.52999877929688,102.26000213623048,99.30999755859376,102.04000091552734,100.56678009033205,4512300
2024-10-03,99.97000122070312,103.19000244140624,98.87000274658205,103.08000183105467,101.59176635742188,3880700
2024-10-04,104.25,106.58999633789062,103.4499969482422,105.4499969482422,103.9275360107422,4238000
2024-10-07,107.5,107.80999755859376,105.29000091552734,106.41000366210938,104.8736801147461,3330700
2024-10-08,102.5,104.83999633789062,100.05999755859376,102.87999725341795,101.3946533203125,4473500
2024-10-09,102.83999633789062,104.86000061035156,102.29000091552734,104.1500015258789,102.64631652832033,3199200
2024-10-10,103.5199966430664,104.95999908447266,102.81999969482422,103.6999969482422,102.20280456542967,2181800
2024-10-11,104.2699966430664,106.4000015258789,103.70999908447266,104.75,103.23765563964844,2537900
2024-10-14,103.41000366210938,105.05999755859376,102.3499984741211,103.9499969482422,102.4491958618164,2160800
2024-10-15,102.5,102.70999908447266,98.98999786376952,99.22000122070312,97.78749084472656,4169200
2024-10-16,99.88999938964844,101.5999984741211,99.62999725341795,100.23999786376952,98.7927703857422,1697700
2024-10-17,99.19000244140624,99.4000015258789,96.97000122070312,97.98999786376952,96.57524871826172,2933300
2024-10-18,99.61000061035156,101.31999969482422,99.16999816894533,99.44000244140624,98.00432586669922,2269800
2024-10-21,98.58000183105467,98.87000274658205,97.62999725341795,98.37000274658205,96.94977569580078,1674100
2024-10-22,98.27999877929688,99.70999908447266,97.91999816894533,99.4000015258789,97.96489715576172,1403700
2024-10-23,98.58999633789062,99.04000091552734,97.43000030517578,97.68000030517578,96.26972198486328,1683100
2024-10-24,98.98999786376952,99.47000122070312,97.01000213623048,97.9000015258789,96.48655700683594,1898100
2024-10-25,98.0199966430664,99.44000244140624,97.88999938964844,97.98999786376952,96.57524871826172,1098500
2024-10-28,98.4499969482422,99.41999816894533,98.27999877929688,98.62000274658205,97.1961669921875,1062200
2024-10-29,99.36000061035156,100.91000366210938,98.87000274658205,99.0,97.57067108154295,1890200
2024-10-30,98.23999786376952,99.0999984741211,97.9000015258789,98.48999786376952,97.06802368164062,1337100
2024-10-31,97.97000122070312,98.0,95.94000244140624,96.0199966430664,94.6336898803711,1897300
2024-11-01,97.06999969482422,97.52999877929688,95.43000030517578,95.68000030517578,94.29859161376952,1737700
2024-11-04,95.77999877929688,96.68000030517578,95.43000030517578,95.6500015258789,94.26903533935548,2238700
2024-11-05,91.58000183105467,93.0,86.0199966430664,86.72000122070312,85.46797180175781,10733500
2024-11-06,86.6500015258789,87.5999984741211,85.02999877929688,85.31999969482422,84.08818054199219,4784300
2024-11-07,86.87999725341797,89.0999984741211,86.05000305175781,87.16999816894531,85.91146850585938,2957900
2024-11-08,85.55999755859375,86.25,83.9000015258789,84.30000305175781,83.08290100097656,4116500
2024-11-11,84.98999786376953,88.12000274658203,84.98999786376953,86.4800033569336,85.23143005371094,2508700
2024-11-12,85.80000305175781,86.25,84.54000091552734,85.5,84.26557922363281,3892600
2024-11-13,85.5199966430664,85.80000305175781,84.69000244140625,85.80000305175781,84.56124114990234,2433300
2024-11-14,87.4000015258789,95.1999969482422,86.83000183105469,93.22000122070312,91.87411499023438,9577300
2024-11-15,93.16999816894533,93.5999984741211,89.66000366210938,90.73999786376952,89.67040252685547,3816700
2024-11-18,90.45999908447266,91.5,89.86000061035156,90.45999908447266,89.39370727539062,1771900
2024-11-19,89.5199966430664,91.29000091552734,88.73999786376953,91.25,90.17440032958984,2014700
2024-11-20,91.04000091552734,92.06999969482422,90.41999816894533,91.22000122070312,90.1447525024414,1816300
2024-11-21,91.01000213623048,91.91000366210938,89.69000244140625,91.73999786376952,90.65861511230467,1612700
2024-11-22,91.66000366210938,92.5,91.23999786376952,91.29000091552734,90.21392822265624,1620000
2024-11-25,91.5500030517578,93.91999816894533,91.5500030517578,93.4499969482422,92.34845733642578,3055000
2024-11-26,93.06999969482422,93.06999969482422,91.62999725341795,91.86000061035156,90.77720642089844,1807500
2024-11-27,92.16000366210938,94.19000244140624,91.5500030517578,91.66999816894533,90.58943939208984,1436600
2024-11-29,91.29000091552734,95.0500030517578,91.26000213623048,94.37999725341795,93.26749420166016,1402500
2024-12-02,95.5,97.5,94.9000015258789,96.16000366210938,95.02652740478516,2945200
2024-12-03,95.12999725341795,95.5500030517578,93.2300033569336,93.76000213623048,92.65481567382812,3045300
2024-12-04,93.63999938964844,95.29000091552734,93.02999877929688,94.79000091552734,93.67267608642578,1958200
2024-12-05,94.87000274658205,95.8499984741211,94.3499984741211,94.4000015258789,93.28726959228516,1357800
2024-12-06,95.36000061035156,95.88999938964844,94.3000030517578,94.37000274658205,93.25762176513672,1026500
2024-12-09,97.0,99.62000274658205,95.75,95.94000244140624,94.80911254882812,2690800
2024-12-10,94.6999969482422,96.4000015258789,93.6999969482422,94.9499969482422,93.83077239990234,1426800
2024-12-11,95.25,95.62999725341795,94.18000030517578,95.20999908447266,94.08771514892578,1325700
2024-12-12,94.56999969482422,95.37000274658205,93.38999938964844,93.47000122070312,92.36822509765624,1575700
2024-12-13,92.87999725341795,95.41999816894533,92.6500015258789,94.52999877929688,93.41573333740234,1778000
2024-12-16,93.25,93.7699966430664,89.4800033569336,89.68000030517578,88.62290954589844,3104300
2024-12-17,89.68000030517578,92.62999725341795,89.44000244140625,91.95999908447266,90.87602996826172,2046400
2024-12-18,91.95999908447266,92.9499969482422,88.22000122070312,88.69999694824219,87.6544418334961,2096000
2024-12-19,90.62000274658205,90.62000274658205,87.36000061035156,88.30999755859375,87.26904296875,1736400
2024-12-20,88.0999984741211,90.13999938964844,88.05000305175781,88.94999694824219,87.90149688720703,2663400
2024-12-23,88.95999908447266,89.41999816894531,87.76000213623047,88.11000061035156,87.0714111328125,1312400
2024-12-24,88.12999725341797,89.22000122070312,87.37999725341797,88.77999877929688,87.73351287841797,692800
2024-12-26,89.01000213623047,89.88999938964844,88.41999816894531,89.30999755859375,88.25726318359375,1218900
2024-12-27,88.66000366210938,89.29000091552734,88.0199966430664,88.68000030517578,87.63468170166016,1086700
2024-12-30,87.4000015258789,87.4000015258789,85.23999786376953,85.83000183105469,84.81828308105469,2180100
2024-12-31,85.93000030517578,86.75,85.87000274658203,86.16000366210938,85.14440155029297,1612600
2025-01-02,86.33000183105469,87.37999725341797,83.7300033569336,83.80000305175781,82.81221771240234,2001600
2025-01-03,84.5,86.01000213623047,82.8499984741211,83.31999969482422,82.3378677368164,2805900
2025-01-06,84.25,86.2699966430664,84.13999938964844,84.61000061035156,83.61266326904297,2923500
2025-01-07,84.61000061035156,85.55999755859375,81.94000244140625,82.44999694824219,81.4781265258789,2195300
2025-01-08,82.0,82.38999938964844,80.69999694824219,81.16999816894531,80.21321105957031,1862300
2025-01-10,80.12000274658203,83.08000183105469,80.12000274658203,81.1500015258789,80.19345092773438,2655900
2025-01-13,80.77999877929688,82.5999984741211,80.75,81.33000183105469,80.37133026123047,1850500
2025-01-14,81.58000183105469,81.87999725341797,79.9000015258789,81.80000305175781,80.83580017089844,2773800
2025-01-15,82.52999877929688,83.58999633789062,82.19999694824219,82.41000366210938,81.43860626220703,2264200
2025-01-16,82.77999877929688,83.2300033569336,81.76000213623047,82.5,81.52752685546875,1844800
2025-01-17,83.25,85.19999694824219,83.0,84.66999816894531,83.67195129394531,3339700
2025-01-21,85.23999786376953,86.72000122070312,85.19000244140625,86.26000213623047,85.24321746826172,2617200
2025-01-22,85.75,87.30000305175781,84.31999969482422,85.16000366210938,84.15618133544922,2862600
2025-01-23,85.0,85.87000274658203,84.37999725341797,85.08000183105469,84.0771255493164,1746100
2025-01-24,85.0199966430664,85.6500015258789,84.36000061035156,84.98999786376953,83.9881820678711,1418400
2025-01-27,84.38999938964844,85.51000213623047,84.05999755859375,84.7699966430664,83.7707748413086,2268100
2025-01-28,84.4800033569336,84.94999694824219,82.80000305175781,84.33000183105469,83.33597564697266,1919200
2025-01-29,84.77999877929688,85.56999969482422,84.02999877929688,84.11000061035156,83.11856079101562,1559800
2025-01-30,87.1500015258789,89.75,86.72000122070312,89.5999984741211,88.54383850097656,2789700
2025-01-31,89.5999984741211,89.61000061035156,85.81999969482422,86.8499984741211,85.82625579833984,3613300
2025-02-03,84.31999969482422,84.73999786376953,83.0999984741211,83.55999755859375,82.57503509521484,2721100
2025-02-04,83.12999725341797,84.47000122070312,83.08000183105469,83.19000244140625,82.20940399169922,2555400
2025-02-05,82.4000015258789,82.5999984741211,81.22000122070312,81.66000366210938,80.69743347167969,3796500
2025-02-06,82.41000366210938,82.69999694824219,80.2699966430664,80.6500015258789,79.69935607910156,2458500
2025-02-07,80.73999786376953,82.22000122070312,80.27999877929688,80.58000183105469,79.63016510009766,2255300
2025-02-10,80.61000061035156,81.08000183105469,78.70999908447266,78.97000122070312,78.03915405273438,2620400
2025-02-11,78.1500015258789,78.43000030517578,76.95999908447266,77.0,76.09236145019531,2137600
2025-02-12,76.87000274658203,78.41000366210938,76.75,78.37000274658203,77.44622039794922,2801800
2025-02-13,80.8499984741211,81.94999694824219,79.69000244140625,80.47000122070312,79.52146911621094,7598800
2025-02-14,84.63999938964844,89.44999694824219,83.52999877929688,88.81999969482422,87.77304077148438,9031600
2025-02-18,90.76000213623048,92.97000122070312,88.95999908447266,91.20999908447266,90.1348648071289,5199200
2025-02-19,91.43000030517578,92.55999755859376,90.12000274658205,92.26000213623048,91.17249298095705,2493500
2025-02-20,92.1999969482422,94.1999969482422,91.97000122070312,93.47000122070312,92.36822509765624,3407500
2025-02-21,94.0,94.29000091552734,89.83000183105469,90.76000213623048,89.69017028808594,2962200
2025-02-24,90.51000213623048,90.75,88.75,90.1500015258789,89.33343505859375,2160600
2025-02-25,90.11000061035156,91.95999908447266,89.2699966430664,91.02999877929688,90.20545196533205,2079800
2025-02-26,91.83000183105467,93.47000122070312,90.66000366210938,91.0999984741211,90.27481842041016,2241800
2025-02-27,90.2300033569336,91.76000213623048,87.45999908447266,88.19000244140625,87.39118957519531,2245100
2025-02-28,87.86000061035156,90.06999969482422,87.55000305175781,89.31999969482422,88.51094818115234,1468200
2025-03-03,92.25,93.5199966430664,88.55000305175781,88.93000030517578,88.12448120117188,2123200
2025-03-04,88.0,89.0,85.63999938964844,87.0999984741211,86.31105041503906,2272300
2025-03-05,87.75,90.73999786376952,87.36000061035156,90.66999816894533,89.84872436523438,2448900
2025-03-06,90.22000122070312,90.88999938964844,88.08999633789062,88.19000244140625,87.39118957519531,1797200
2025-03-07,88.0,89.05000305175781,85.8499984741211,88.72000122070312,87.91638946533203,1889600
2025-03-10,87.19000244140625,89.25,86.19999694824219,88.41999816894531,87.61910247802734,2774500
2025-03-11,89.19999694824219,89.22000122070312,85.8499984741211,87.37999725341797,86.5885238647461,1423800
2025-03-12,87.02999877929688,87.8499984741211,83.41999816894531,85.66999816894531,84.89400482177734,2047100
2025-03-13,84.94000244140625,85.91999816894531,83.02999877929688,83.2300033569336,82.47611999511719,1739700
2025-03-14,84.41000366210938,86.72000122070312,84.41000366210938,86.18000030517578,85.3993911743164,1797100
2025-03-17,86.2699966430664,87.5,85.6500015258789,86.41999816894531,85.63721466064453,1606100
2025-03-18,86.41000366210938,86.80000305175781,84.83999633789062,85.43000030517578,84.65618133544922,1186100
2025-03-19,85.0,85.8499984741211,84.55000305175781,85.05000305175781,84.27963256835938,1533700
2025-03-20,83.98999786376953,84.98999786376953,82.9800033569336,83.06999969482422,82.31755065917969,1805400
2025-03-21,82.30999755859375,82.80000305175781,80.2300033569336,82.62999725341797,81.88153839111328,4329600
2025-03-24,83.8499984741211,85.30999755859375,83.62000274658203,84.87000274658203,84.10125732421875,2448000
2025-03-25,86.33000183105469,89.33000183105469,85.33999633789062,86.02999877929688,85.25074768066406,4498900
2025-03-26,86.05000305175781,86.80999755859375,85.06999969482422,85.83000183105469,85.05256652832031,1423200
2025-03-27,85.5199966430664,87.62999725341797,85.4000015258789,86.1500015258789,85.36965942382812,1388300
2025-03-28,85.52999877929688,85.9000015258789,81.69000244140625,82.33000183105469,81.58426666259766,2487000
2025-03-31,80.63999938964844,83.77999877929688,80.16000366210938,83.5,82.74366760253906,2115000
2025-04-01,83.3499984741211,83.98999786376953,81.55000305175781,82.7300033569336,81.98064422607422,1499700
2025-04-02,81.5,83.31999969482422,81.3499984741211,81.54000091552734,80.80142211914062,2539900
2025-04-03,78.5,78.62999725341797,72.5,72.87999725341797,72.21986389160156,5509100
2025-04-04,68.61000061035156,71.2699966430664,66.19999694824219,70.08999633789062,69.45513153076172,8307700
2025-04-07,67.9800033569336,72.48999786376953,66.5999984741211,67.93000030517578,67.31470489501953,4359300
2025-04-08,70.23999786376953,71.12999725341797,65.25,66.0999984741211,65.50127410888672,4088400
2025-04-09,65.93000030517578,76.73999786376953,65.72000122070312,75.83000183105469,75.14314270019531,7589100
2025-04-10,74.6500015258789,74.79000091552734,69.44000244140625,72.30000305175781,71.6451187133789,3008800
2025-04-11,72.55999755859375,74.11000061035156,70.7300033569336,73.19000244140625,72.52704620361328,2710200
2025-04-14,74.41000366210938,74.97000122070312,71.7699966430664,73.54000091552734,72.87388610839844,2603600
2025-04-15,73.27999877929688,75.5999984741211,73.0,74.9000015258789,74.22156524658203,2027600
2025-04-16,74.12999725341797,74.66999816894531,72.6500015258789,73.7300033569336,73.06216430664062,1827100
2025-04-17,74.30999755859375,75.19000244140625,73.62000274658203,74.7699966430664,74.09273529052734,1559500
2025-04-21,74.7699966430664,75.7699966430664,73.80000305175781,74.95999908447266,74.28102111816406,2525900
2025-04-22,75.25,77.4800033569336,75.25,76.97000122070312,76.27281951904297,2560300
2025-04-23,79.1500015258789,81.4800033569336,78.05999755859375,79.11000061035156,78.3934326171875,2810500
2025-04-24,79.37999725341797,81.86000061035156,79.0999984741211,81.58000183105469,80.84105682373047,1937000
2025-04-25,81.5,82.30000305175781,81.0999984741211,82.11000061035156,81.36624908447266,1467700
2025-04-28,82.08999633789062,83.30999755859375,81.62999725341797,82.19999694824219,81.45543670654297,1443300
2025-04-29,81.87999725341797,82.4000015258789,80.94999694824219,81.55000305175781,80.81133270263672,1463600
2025-04-30,79.5,80.45999908447266,78.77999877929688,80.30999755859375,79.58256530761719,1922700
2025-05-01,80.44000244140625,82.0,79.91999816894531,80.04000091552734,79.31500244140625,1772000
2025-05-02,80.86000061035156,83.08000183105469,80.86000061035156,82.48999786376953,81.74281311035156,1597200
2025-05-05,82.13999938964844,84.83000183105469,81.66000366210938,82.9800033569336,82.22838592529297,2105200
2025-05-06,82.79000091552734,84.41000366210938,82.0999984741211,83.5199966430664,82.76348114013672,3011500
2025-05-07,86.19999694824219,87.13999938964844,82.19999694824219,84.12000274658203,83.35804748535156,3846700
2025-05-08,84.8499984741211,87.77999877929688,83.79000091552734,86.58999633789062,85.80567169189453,3041300
2025-05-09,87.30999755859375,88.2300033569336,87.05000305175781,87.93000030517578,87.13353729248047,3216400
2025-05-12,92.3000030517578,95.5199966430664,91.9800033569336,95.16000366210938,94.29805755615234,4639900
2025-05-13,94.6999969482422,97.16000366210938,94.2699966430664,96.79000091552734,95.91329193115234,2520600
2025-05-14,96.79000091552734,97.51000213623048,95.94000244140624,97.48999786376952,96.60694122314452,3052800
2025-05-15,96.58999633789062,98.70999908447266,96.38999938964844,97.75,96.86458587646484,3132800
2025-05-16,97.48999786376952,97.81999969482422,96.43000030517578,96.76000213623048,96.12940979003906,2200200
2025-05-19,95.0199966430664,96.9499969482422,94.5999984741211,96.5500030517578,95.92078399658205,1621700
2025-05-20,96.33999633789062,96.33999633789062,93.22000122070312,93.7699966430664,93.1588897705078,2068700
2025-05-21,92.88999938964844,93.37000274658205,91.08999633789062,91.5,90.9036865234375,2157400
2025-05-22,91.12000274658205,91.51000213623048,89.51000213623047,90.91000366210938,90.31754302978516,1987700
2025-05-23,89.41000366210938,90.98999786376952,89.05999755859375,90.47000122070312,89.88040924072266,1335800
2025-05-27,91.52999877929688,93.16000366210938,91.41999816894533,92.54000091552734,91.9369125366211,1813400
2025-05-28,92.55999755859376,92.5999984741211,90.73999786376952,90.94000244140624,90.34735107421876,1405600
2025-05-29,92.30999755859376,92.58000183105467,90.37000274658205,90.7300033569336,90.13871002197266,2208400
2025-05-30,89.75,90.73999786376952,88.93000030517578,90.54000091552734,89.949951171875,6827900
2025-06-02,91.41000366210938,91.73999786376952,87.25,87.80000305175781,87.2278060913086,3285700
2025-06-03,87.55000305175781,88.22000122070312,85.48999786376953,87.75,87.17813873291016,2925200
2025-06-04,87.4000015258789,87.69999694824219,85.7300033569336,86.13999938964844,85.57862854003906,1951500
2025-06-05,86.31999969482422,86.31999969482422,82.62999725341797,83.23999786376953,82.69751739501953,3423400
2025-06-06,84.66000366210938,84.66000366210938,82.63999938964844,83.30000305175781,82.75713348388672,3151900
2025-06-09,84.01000213623047,85.08000183105469,84.01000213623047,84.69999694824219,84.14801025390625,2134200
2025-06-10,85.05999755859375,87.0999984741211,85.05999755859375,86.66999816894531,86.10516357421875,1610200
2025-06-11,87.62000274658203,88.18000030517578,86.56999969482422,87.5199966430664,86.94962310791016,2010400
2025-06-12,86.18000030517578,87.30000305175781,85.44999694824219,87.06999969482422,86.5025634765625,1361000
2025-06-13,85.13999938964844,85.62999725341797,83.44999694824219,84.18000030517578,83.63139343261719,2024700
2025-06-16,86.0,89.0999984741211,85.95999908447266,88.5999984741211,88.02259063720703,2522700
2025-06-17,88.19000244140625,88.33000183105469,86.77999877929688,87.27999877929688,86.71119689941406,1325100
2025-06-18,86.88999938964844,88.25,86.52999877929688,86.91000366210938,86.34361267089844,1256900
2025-06-20,87.9000015258789,88.8499984741211,87.11000061035156,88.48999786376953,87.91331481933594,2841500
2025-06-23,88.61000061035156,89.94999694824219,87.36000061035156,89.69999694824219,89.11541748046875,1862300
2025-06-24,90.69000244140624,91.4800033569336,89.8499984741211,90.97000122070312,90.37714385986328,1765700
2025-06-25,91.01000213623048,92.91000366210938,90.97000122070312,91.91000366210938,91.31101989746094,1774300
2025-06-26,92.86000061035156,93.6500015258789,91.5199966430664,92.63999938964844,92.03626251220705,1605800
2025-06-27,92.66999816894533,94.7300033569336,92.44000244140624,94.68000030517578,94.0629653930664,2640900
2025-06-30,94.55999755859376,94.66999816894533,92.75,93.66999816894533,93.0595474243164,1730800
2025-07-01,96.86000061035156,102.4800033569336,96.86000061035156,101.95999908447266,101.29552459716795,5341000
2025-07-02,102.27999877929688,104.9499969482422,101.18000030517578,104.68000030517578,103.99779510498048,2319200
2025-07-03,104.44000244140624,106.73999786376952,104.08000183105467,105.62999725341795,104.94159698486328,1407300
2025-07-07,105.1500015258789,109.04000091552734,104.94000244140624,108.66999816894533,107.9617919921875,2894700
2025-07-08,109.37000274658205,111.56999969482422,109.16000366210938,110.45999908447266,109.74011993408205,2148300
2025-07-09,109.3000030517578,110.36000061035156,107.83000183105467,110.08000183105467,109.36260986328124,1841700
2025-07-10,110.13999938964844,112.36000061035156,109.55999755859376,111.93000030517578,111.20054626464844,2031900
2025-07-11,111.06999969482422,112.04000091552734,110.56999969482422,111.16999816894533,110.44549560546876,1207900
2025-07-14,110.58000183105467,111.05999755859376,109.02999877929688,111.01000213623048,110.28655242919922,1557200
2025-07-15,111.5,111.70999908447266,110.01000213623048,111.0,110.27660369873048,1682300
2025-07-16,111.08000183105467,111.7699966430664,109.66999816894533,109.8499984741211,109.13410186767578,1241700
2025-07-17,110.12000274658205,110.33999633789062,108.83000183105467,109.44000244140624,108.72677612304688,1125300
2025-07-18,109.61000061035156,109.6999969482422,106.56999969482422,106.7699966430664,106.0741729736328,2055900
2025-07-21,107.1999969482422,107.26000213623048,105.01000213623048,106.36000061035156,105.6668472290039,1764500
2025-07-22,107.0500030517578,107.88999938964844,106.27999877929688,107.70999908447266,107.00804901123048,1294100
2025-07-23,108.0,108.9499969482422,107.02999877929688,107.63999938964844,106.93850708007812,1392600
2025-07-24,108.6500015258789,110.9000015258789,108.30999755859376,108.4499969482422,107.74322509765624,2554800
2025-07-25,108.38999938964844,110.0,106.77999877929688,109.44000244140624,108.72677612304688,1463500
2025-07-28,109.66999816894533,111.44000244140624,109.12000274658205,111.2699966430664,110.54483795166016,1428000
2025-07-29,111.5,112.0999984741211,108.5,109.37999725341795,108.66716766357422,1463200
2025-07-30,109.52999877929688,111.0,108.5999984741211,109.52999877929688,108.8161849975586,1438600
2025-07-31,109.08999633789062,109.55999755859376,107.95999908447266,109.02999877929688,108.31944274902344,3582500
2025-08-01,110.0,110.70999908447266,106.11000061035156,107.93000030517578,107.22661590576172,1650900
2025-08-04,109.04000091552734,109.33000183105467,106.45999908447266,107.0500030517578,106.35235595703124,1459800
2025-08-05,107.61000061035156,108.20999908447266,106.12999725341795,107.72000122070312,107.01799011230467,2255500
2025-08-06,107.3000030517578,108.26000213623048,106.81999969482422,107.20999908447266,106.51130676269533,949800
2025-08-07,107.62000274658205,108.3000030517578,105.51000213623048,107.2300033569336,106.53118133544922,2025800
2025-08-08,104.0,107.75,102.23999786376952,106.41000366210938,105.7165298461914,4212600
2025-08-11,106.11000061035156,108.6999969482422,106.0199966430664,108.62999725341795,107.92205047607422,1917100
2025-08-12,109.44000244140624,112.56999969482422,108.87000274658205,112.48999786376952,111.75689697265624,1515400
2025-08-13,112.29000091552734,112.41000366210938,109.80999755859376,111.81999969482422,111.0912628173828,1539400
2025-08-14,110.70999908447266,111.62000274658205,109.95999908447266,111.37999725341795,110.65412902832033,1605800
2025-08-15,111.16000366210938,111.55999755859376,109.4000015258789,109.4499969482422,108.73670959472656,1497000
2025-08-18,109.48999786376952,109.75,107.88999938964844,108.1500015258789,107.691162109375,2722800
2025-08-19,108.66000366210938,112.91000366210938,108.33999633789062,112.83000183105467,112.35131072998048,2713500
2025-08-20,112.36000061035156,113.25,110.72000122070312,111.51000213623048,111.0369110107422,2136600
2025-08-21,110.87999725341795,111.9800033569336,110.62999725341795,110.88999938964844,110.41954040527344,1223900
2025-08-22,111.76000213623048,114.62000274658205,111.4000015258789,114.30999755859376,113.82502746582033,1861700
2025-08-25,115.58000183105467,118.55999755859376,115.0,118.36000061035156,117.85784912109376,3505900
2025-08-26,117.91000366210938,119.44000244140624,117.5199966430664,119.08000183105467,118.57479095458984,2136500
2025-08-27,118.63999938964844,125.4499969482422,118.2699966430664,123.1999969482422,122.67731475830078,4267100
2025-08-28,125.11000061035156,126.87999725341795,123.52999877929688,126.73999786376952,126.2022933959961,2238100
2025-08-29,126.25,128.52999877929688,125.5199966430664,126.75,126.2122573852539,2595600
2025-09-02,125.0,125.88999938964844,122.87000274658205,125.47000122070312,124.93769073486328,1528500
2025-09-03,126.5999984741211,127.25,124.8000030517578,125.5199966430664,124.98746490478516,1408000
2025-09-04,125.51000213623048,125.75,122.02999877929688,122.88999938964844,122.36863708496094,2025300
2025-09-05,123.5199966430664,124.0,119.98999786376952,120.9000015258789,120.38706970214844,2441400
2025-09-08,121.0,124.70999908447266,120.0,122.66999816894533,122.1495590209961,2771500
2025-09-09,122.0999984741211,122.86000061035156,121.0199966430664,121.48999786376952,120.97457122802734,933800
2025-09-10,121.91000366210938,123.5999984741211,121.4800033569336,122.9000015258789,122.37859344482422,1145400
2025-09-11,123.5199966430664,124.37999725341795,122.26000213623048,123.86000061035156,123.3345184326172,1571500
2025-09-12,123.75,123.8499984741211,120.4499969482422,121.4499969482422,120.93473815917967,876300
2025-09-15,121.4499969482422,123.77999877929688,119.72000122070312,122.8499984741211,122.32879638671876,1483200
2025-09-16,122.08999633789062,123.01000213623048,120.19000244140624,120.68000030517578,120.16800689697266,1416300
2025-09-17,121.12000274658205,124.23999786376952,120.97000122070312,123.27999877929688,122.75697326660156,1897100
2025-09-18,124.98999786376952,129.00999450683594,124.0500030517578,128.67999267578125,128.13406372070312,1954200
2025-09-19,130.0,130.83999633789062,128.72999572753906,129.52000427246094,128.9705047607422,3328100
2025-09-22,129.52000427246094,130.5399932861328,125.48999786376952,126.0500030517578,125.51522827148438,1281400
2025-09-23,126.11000061035156,129.52000427246094,126.11000061035156,127.51000213623048,126.96903228759766,991800
2025-09-24,127.18000030517578,127.62999725341795,125.51000213623048,125.91999816894533,125.38577270507812,1119200
2025-09-25,125.48999786376952,126.22000122070312,124.4000015258789,125.83999633789062,125.30611419677734,1143200
2025-09-26,125.66000366210938,129.33999633789062,125.66000366210938,128.97000122070312,128.42283630371094,1328900
2025-09-29,130.1699981689453,134.07000732421875,129.0500030517578,132.42999267578125,131.86814880371094,2014800
2025-09-30,131.72000122070312,132.60000610351562,127.80999755859376,128.27000427246094,127.7258071899414,1511300
2025-10-01,128.3699951171875,132.25999450683594,127.94000244140624,132.02999877929688,131.46986389160156,1532600
2025-10-02,132.02999877929688,134.22999572753906,131.39999389648438,133.33999633789062,132.7742919921875,1286100
2025-10-03,132.50999450683594,132.77000427246094,123.06999969482422,123.66000366210938,123.13536834716795,3623100
2025-10-06,124.5999984741211,126.3499984741211,122.81999969482422,124.58999633789062,124.06141662597656,1799500
2025-10-07,124.56999969482422,125.48999786376952,122.3000030517578,122.91000366210938,122.3885498046875,1443800
2025-10-08,122.18000030517578,125.13999938964844,119.86000061035156,121.56999969482422,121.05422973632812,2317000
2025-10-09,121.81999969482422,124.2699966430664,120.76000213623048,123.5500030517578,123.0258331298828,1551700
2025-10-10,123.3499984741211,124.56999969482422,118.06999969482422,119.88999938964844,119.38135528564452,2184300
2025-10-13,119.16000366210938,119.61000061035156,112.12999725341795,112.5199966430664,112.0426254272461,3171200
2025-10-14,112.0,117.5,111.97000122070312,116.11000061035156,115.61740112304688,1332600
2025-10-15,116.91999816894533,119.51000213623048,116.5,118.06999969482422,117.56908416748048,1420100
2025-10-16,118.2300033569336,119.16000366210938,115.25,115.91999816894533,115.4281997680664,1012800
2025-10-17,115.72000122070312,119.38999938964844,115.5500030517578,117.80999755859376,117.3101806640625,1745600
2025-10-20,120.37999725341795,122.75,120.02999877929688,121.94000244140624,121.42266845703124,2060000
2025-10-21,121.12999725341795,121.72000122070312,119.75,121.12999725341795,120.61609649658205,836000
2025-10-22,121.26000213623048,121.48999786376952,118.79000091552734,119.38999938964844,118.88347625732422,1109500
2025-10-23,124.0,126.87000274658205,123.23999786376952,125.4000015258789,124.86798858642578,2114600
2025-10-24,125.58999633789062,127.12999725341795,125.0,125.56999969482422,125.03726196289062,1213200
2025-10-27,126.95999908447266,128.44000244140625,124.91000366210938,125.44000244140624,124.9078140258789,940400
2025-10-28,124.44000244140624,124.9800033569336,120.6500015258789,120.8499984741211,120.33728790283205,1464000
2025-10-29,120.20999908447266,122.0199966430664,119.22000122070312,120.87000274658205,120.35720825195312,1251200
2025-10-30,119.04000091552734,121.9499969482422,119.04000091552734,119.7699966430664,119.2618637084961,1111800
2025-10-31,119.27999877929688,120.0500030517578,117.8000030517578,118.98999786376952,118.48517608642578,1703200
2025-11-03,121.08999633789062,126.29000091552734,120.25,125.7300033569336,125.19658660888672,2174200
2025-11-04,123.0999984741211,123.56999969482422,120.20999908447266,121.33999633789062,120.82520294189452,1375800
2025-11-05,121.66999816894533,126.62999725341795,121.20999908447266,125.19000244140624,124.65888214111328,1775500
2025-11-06,125.62999725341795,127.6999969482422,122.0,122.54000091552734,122.0201187133789,2895800
2025-11-07,120.11000061035156,126.87000274658205,119.5999984741211,126.13999938964844,125.60484313964844,3206100
2025-11-10,126.9499969482422,134.2100067138672,126.8499984741211,128.8800048828125,128.33322143554688,2400000
2025-11-11,127.41000366210938,130.82000732421875,125.20999908447266,126.06999969482422,125.53514099121094,1566600
2025-11-12,126.5500030517578,127.4000015258789,124.77999877929688,125.0199966430664,124.48959350585938,1413900
2025-11-13,124.56999969482422,126.02999877929688,122.86000061035156,123.01000213623048,122.48812103271484,1045200
2025-11-14,120.76000213623048,122.87000274658205,118.52999877929688,120.7300033569336,120.2177963256836,1212500
2025-11-17,119.8499984741211,121.48999786376952,116.72000122070312,118.13999938964844,117.88288879394533,1164300
2025-11-18,117.5500030517578,121.43000030517578,116.8499984741211,120.29000091552734,120.02820587158205,1401600
2025-11-19,120.04000091552734,120.4499969482422,117.69000244140624,118.31999969482422,118.06249237060548,939200
2025-11-20,118.68000030517578,121.2300033569336,116.93000030517578,117.13999938964844,116.88506317138672,1099400
2025-11-21,117.33000183105467,120.70999908447266,114.95999908447266,119.5999984741211,119.33970642089844,1757100
2025-11-24,120.27999877929688,126.43000030517578,120.25,123.23999786376952,122.97178649902344,2024600
2025-11-25,123.23999786376952,129.7100067138672,122.0,127.47000122070312,127.1925811767578,3599300
2025-11-26,127.23999786376952,130.25999450683594,126.98999786376952,129.4600067138672,129.17825317382812,1946600
2025-11-28,129.61000061035156,130.0,128.35000610351562,128.67999267578125,128.3999481201172,861200
2025-12-01,132.1199951171875,134.72000122070312,131.63999938964844,132.77000427246094,132.48104858398438,2831000
2025-12-02,133.22000122070312,133.72999572753906,130.82000732421875,133.08999633789062,132.80035400390625,1215100
2025-12-03,133.75,133.97999572753906,129.88999938964844,131.52999877929688,131.24374389648438,1137300
2025-12-04,129.77999877929688,129.77999877929688,123.33999633789062,125.72000122070312,125.4463882446289,2609800
2025-12-05,125.8000030517578,126.9000015258789,124.80999755859376,125.51000213623048,125.23684692382812,856000
2025-12-08,127.29000091552734,132.7899932861328,126.3499984741211,127.12999725341795,126.8533172607422,1816500
2025-12-09,127.0999984741211,127.69000244140624,123.33000183105467,124.22000122070312,123.94965362548828,1400500
2025-12-10,123.97000122070312,124.55999755859376,122.83999633789062,123.5999984741211,123.33100128173828,1122200
2025-12-11,123.3000030517578,126.70999908447266,122.54000091552734,124.8499984741211,124.57828521728516,1193900
2025-12-12,125.6999969482422,126.70999908447266,122.8499984741211,123.66000366210938,123.39087677001952,1020300
2025-12-15,124.1500015258789,127.05999755859376,121.37999725341795,126.25,125.97523498535156,1899000
2025-12-16,126.25,127.41000366210938,125.52999877929688,126.04000091552734,125.76569366455078,1310200
2025-12-17,126.77999877929688,127.01000213623048,125.0500030517578,125.44000244140624,125.16699981689452,977900
2025-12-18,126.98999786376952,128.47999572753906,125.61000061035156,126.51000213623048,126.23467254638672,1371000
2025-12-19,126.63999938964844,129.33999633789062,126.5,127.94000244140624,127.66156005859376,2134500
2025-12-22,128.10000610351562,128.74000549316406,125.8000030517578,125.9800033569336,125.70582580566406,1567600
2025-12-23,126.16999816894533,126.97000122070312,124.8499984741211,124.95999908447266,124.68804168701172,1096700
2025-12-24,124.12000274658205,125.93000030517578,124.12000274658205,125.0199966430664,124.74790954589844,615000
2025-12-26,125.04000091552734,125.80999755859376,124.04000091552734,124.36000061035156,124.08934783935548,717300
2025-12-29,123.5999984741211,123.95999908447266,121.26000213623048,122.2699966430664,122.00389862060548,1017200
2025-12-30,122.2699966430664,122.4800033569336,120.29000091552734,120.33000183105467,120.06812286376952,689900
2025-12-31,120.4000015258789,121.31999969482422,119.9499969482422,120.33000183105467,120.06812286376952,1949300
2026-01-02,120.08000183105467,123.0,120.0,122.56999969482422,122.3032455444336,810200
2026-01-05,121.72000122070312,123.54000091552734,119.55999755859376,119.68000030517578,119.4195327758789,1110500
2026-01-06,120.05999755859376,121.37000274658205,118.54000091552734,120.52999877929688,120.26768493652344,1059600
2026-01-07,120.12000274658205,120.47000122070312,116.20999908447266,116.37000274658205,116.1167449951172,1274400
2026-01-08,115.5500030517578,119.58000183105467,115.05999755859376,118.2699966430664,118.01260375976562,1535400
2026-01-09,118.80999755859376,119.5999984741211,116.43000030517578,117.83000183105467,117.57356262207033,1495000
2026-01-12,116.18000030517578,118.75,116.18000030517578,116.83999633789062,116.58570861816406,1234600
2026-01-13,117.04000091552734,117.83999633789062,115.68000030517578,116.4000015258789,116.14667510986328,821700
2026-01-14,116.30999755859376,116.91999816894533,114.0,116.87999725341795,116.62562561035156,1294700
2026-01-15,116.87999725341795,118.22000122070312,116.20999908447266,117.37000274658205,117.11456298828124,879100
2026-01-16,117.8000030517578,117.98999786376952,113.80999755859376,114.33000183105467,114.0811767578125,1144200
2026-01-20,112.37000274658205,114.0,110.73999786376952,111.27999877929688,111.0378189086914,1075300
2026-01-21,112.06999969482422,114.38999938964844,111.41999816894533,114.12999725341795,113.8816146850586,1617400
2026-01-22,115.7300033569336,117.0,114.3499984741211,115.05999755859376,114.80958557128906,837900
2026-01-23,114.05999755859376,115.0199966430664,112.94000244140624,113.5500030517578,113.3028793334961,746200
2026-01-26,113.26000213623048,116.0,113.26000213623048,114.08000183105467,113.83172607421876,1129100
2026-01-27,114.08000183105467,114.73999786376952,112.72000122070312,113.7699966430664,113.52239227294922,840200
2026-01-28,113.87000274658205,116.06999969482422,112.76000213623048,112.87999725341795,112.63433074951172,1252700
2026-01-29,108.94000244140624,110.8000030517578,107.1500015258789,108.91000366210938,108.67298126220705,2141700
2026-01-30,108.8499984741211,109.75,106.58000183105467,107.4499969482422,107.21614837646484,1238400
2026-02-02,108.12000274658205,109.87999725341795,107.25,109.18000030517578,108.94239044189452,1624400
2026-02-03,108.66000366210938,110.29000091552734,107.8000030517578,109.2699966430664,109.03218841552734,1181100
2026-02-04,111.26000213623048,115.5,111.26000213623048,114.20999908447266,113.96144104003906,2116300
2026-02-05,113.51000213623048,114.45999908447266,111.12999725341795,113.1999969482422,112.9536361694336,1506600
2026-02-06,113.06999969482422,118.22000122070312,112.70999908447266,117.95999908447266,117.70327758789062,1805700
2026-02-09,117.9000015258789,119.19000244140624,116.61000061035156,116.94000244140624,116.6855010986328,2126700
2026-02-10,117.38999938964844,118.91000366210938,115.18000030517578,116.86000061035156,116.60567474365234,1463200
2026-02-11,117.25,118.38999938964844,114.87000274658205,115.51000213623048,115.25861358642578,1696900
2026-02-12,115.9800033569336,116.33000183105467,107.0500030517578,107.8499984741211,107.6152801513672,2709500
2026-02-13,104.16000366210938,115.05999755859376,104.05999755859376,113.38999938964844,113.14322662353516,3477800
2026-02-17,113.19000244140624,117.87999725341795,113.0,114.4000015258789,114.15103149414062,2850400
2026-02-18,114.30999755859376,118.79000091552734,114.30999755859376,116.30999755859376,116.05686950683594,1604400
2026-02-19,115.73999786376952,115.95999908447266,114.05999755859376,115.3499984741211,115.09896087646484,936100
2026-02-20,114.95999908447266,115.77999877929688,112.88999938964844,114.87000274658205,114.62000274658205,1358800
2026-02-23,113.77999877929688,114.16000366210938,105.23999786376952,107.25,107.25,2158900
2026-02-24,107.25,110.9000015258789,107.25,109.44000244140624,109.44000244140624,1502700
2026-02-25,110.25,111.0,105.83000183105467,107.4499969482422,107.4499969482422,1423900
2026-02-26,108.25,111.8000030517578,107.87000274658205,110.11000061035156,110.11000061035156,1920500
2026-02-27,107.5,109.0,105.94000244140624,108.19000244140624,108.19000244140624,1687900
2026-03-02,103.06999969482422,105.23999786376952,100.9499969482422,103.44000244140624,103.44000244140624,3285700
2026-03-03,102.5,103.5999984741211,99.11000061035156,102.27999877929688,102.27999877929688,2498300
2026-03-04,103.11000061035156,104.51000213623048,102.01000213623048,103.33000183105467,103.33000183105467,2817800
2026-03-05,102.75,105.69000244140624,102.48999786376952,105.37000274658205,105.37000274658205,1529900
2026-03-06,102.87000274658205,103.4000015258789,101.0,101.61000061035156,101.61000061035156,2199300
2026-03-09,98.70999908447266,102.08000183105467,96.5199966430664,101.55999755859376,101.55999755859376,4359200
2026-03-10,101.73999786376952,104.5999984741211,101.5,102.7300033569336,102.7300033569336,1879700
2026-03-11,103.76000213623048,104.4499969482422,99.91000366210938,100.06999969482422,100.06999969482422,2497300
2026-03-12,98.0,99.68000030517578,96.37000274658205,98.79000091552734,98.79000091552734,2594000
2026-03-13,100.20999908447266,101.78990173339844,99.5,100.43000030517578,100.43000030517578,1961539
